3
999
999
4.310307e-02
10 01
T T
2.155153e-02 2.155153e-02 1.000000 0.975682 0.412877
9.573341e-01 2.155153e-02 2.155153e-02 1.000000 0.526961 0.231618
4.390183e-01 2.155153e-02 2.155153e-02 1.000000 0.650974 0.460914
5.067425e-01 2.155153e-02 2.155153e-02 1.000000 0.402113 0.359572
8.190886e-02 2.155153e-02 2.155153e-02 1.000000 0.022363 0.276224
1.674153e-01 2.155153e-02 2.155153e-02 1.000000 0.626206 0.748287
8.353371e-01 2.155153e-02 2.155153e-02 1.000000 0.797976 0.132455
3.715742e-02 2.155153e-02 2.155153e-02 1.000000 0.165289 0.231533
8.324067e-01 2.155153e-02 2.155153e-02 1.000000 0.768205 0.524299
9.727790e-01 2.155153e-02 2.155153e-02 1.000000 0.642594 0.763430
2.289684e-01 2.155153e-02 2.155153e-02 1.000000 0.853004 0.033745
4.184977e-01 2.155153e-02 2.155153e-02 1.000000 0.341063 0.337275
7.825068e-01 2.155153e-02 2.155153e-02 1.000000 0.126202 0.965577
2.634923e-01 2.155153e-02 2.155153e-02 1.000000 0.406955 0.793137
7.763054e-01 2.155153e-02 2.155153e-02 1.000000 0.701534 0.594496
6.936587e-01 2.155153e-02 2.155153e-02 1.000000 0.675422 0.024617
8.441765e-01 2.155153e-02 2.155153e-02 1.000000 0.441979 0.966141
3.505693e-01 2.155153e-02 2.155153e-02 1.000000 0.914322 0.224684
8.512818e-01 2.155153e-02 2.155153e-02 1.000000 0.080227 0.486847
4.171201e-01 2.155153e-02 2.155153e-02 1.000000 0.658546 0.626526
5.038733e-02 2.155153e-02 2.155153e-02 1.000000 0.959428 0.360557
6.264051e-02 2.155153e-02 2.155153e-02 1.000000 0.921375 0.499808
5.726746e-03 2.155153e-02 2.155153e-02 1.000000 0.661996 0.902115
6.028813e-01 2.155153e-02 2.155153e-02 1.000000 0.889395 0.266600
2.702690e-01 2.155153e-02 2.155153e-02 1.000000 0.073834 0.880706
4.518239e-01 2.155153e-02 2.155153e-02 1.000000 0.789831 0.611449
7.059367e-01 2.155153e-02 2.155153e-02 1.000000 0.706118 0.220915
5.369750e-01 2.155153e-02 2.155153e-02 1.000000 0.251769 0.348044
8.820630e-01 2.155153e-02 2.155153e-02 1.000000 0.848976 0.214449
5.721467e-01 2.155153e-02 2.155153e-02 1.000000 0.200589 0.814239
2.139948e-01 2.155153e-02 2.155153e-02 1.000000 0.525067 0.895713
9.552952e-01 2.155153e-02 2.155153e-02 1.000000 0.204064 0.533316
8.881478e-01 2.155153e-02 2.155153e-02 1.000000 0.848656 0.220706
1.034236e-02 2.155153e-02 2.155153e-02 1.000000 0.727253 0.100902
8.796098e-01 2.155153e-02 2.155153e-02 1.000000 0.143849 0.264529
8.787687e-01 2.155153e-02 2.155153e-02 1.000000 0.154497 0.918890
4.283385e-01 2.155153e-02 2.155153e-02 1.000000 0.598071 0.957550
7.283419e-01 2.155153e-02 2.155153e-02 1.000000 0.178468 0.713982
5.550463e-01 2.155153e-02 2.155153e-02 1.000000 0.670905 0.341288
5.465681e-01 2.155153e-02 2.155153e-02 1.000000 0.802629 0.501756
1.283313e-01 2.155153e-02 2.155153e-02 1.000000 0.149585 0.752143
8.790742e-01 2.155153e-02 2.155153e-02 1.000000 0.178556 0.785148
4.296629e-01 2.155153e-02 2.155153e-02 1.000000 0.574073 0.819275
5.316471e-01 2.155153e-02 2.155153e-02 1.000000 0.318998 0.193448
3.965582e-01 2.155153e-02 2.155153e-02 1.000000 0.666474 0.042182
4.264881e-01 2.155153e-02 2.155153e-02 1.000000 0.152045 0.924777
4.940451e-01 2.155153e-02 2.155153e-02 1.000000 0.604966 0.710508
7.240143e-01 2.155153e-02 2.155153e-02 1.000000 0.147289 0.445692
1.642999e-01 2.155153e-02 2.155153e-02 1.000000 0.578079 0.135954
5.823509e-01 2.155153e-02 2.155153e-02 1.000000 0.165342 0.451709
3.714886e-01 2.155153e-02 2.155153e-02 1.000000 0.967681 0.148150
1.716667e-01 2.155153e-02 2.155153e-02 1.000000 0.766342 0.089158
1.175784e-01 2.155153e-02 2.155153e-02 1.000000 0.393684 0.149171
7.258553e-01 2.155153e-02 2.155153e-02 1.000000 0.930990 0.731132
5.639323e-01 2.155153e-02 2.155153e-02 1.000000 0.769318 0.846405
2.350541e-01 2.155153e-02 2.155153e-02 1.000000 0.837412 0.765469
5.327314e-01 2.155153e-02 2.155153e-02 1.000000 0.394829 0.951561
6.420287e-01 2.155153e-02 2.155153e-02 1.000000 0.181625 0.035741
7.948726e-01 2.155153e-02 2.155153e-02 1.000000 0.557729 0.700462
7.957581e-01 2.155153e-02 2.155153e-02 1.000000 0.227007 0.997470
4.481815e-01 2.155153e-02 2.155153e-02 1.000000 0.909618 0.725916
3.501011e-01 2.155153e-02 2.155153e-02 1.000000 0.469905 0.307682
3.342442e-01 2.155153e-02 2.155153e-02 1.000000 0.565622 0.396930
2.157411e-01 2.155153e-02 2.155153e-02 1.000000 0.204746 0.425339
9.121987e-01 2.155153e-02 2.155153e-02 1.000000 0.410204 0.585078
4.565571e-01 2.155153e-02 2.155153e-02 1.000000 0.298397 0.607681
6.866646e-01 2.155153e-02 2.155153e-02 1.000000 0.610750 0.918573
1.336292e-01 2.155153e-02 2.155153e-02 1.000000 0.781747 0.942901
5.337525e-01 2.155153e-02 2.155153e-02 1.000000 0.461636 0.129300
9.421186e-02 2.155153e-02 2.155153e-02 1.000000 0.153102 0.956058
5.531682e-01 2.155153e-02 2.155153e-02 1.000000 0.624645 0.616243
4.470788e-01 2.155153e-02 2.155153e-02 1.000000 0.025775 0.699930
5.245992e-01 2.155153e-02 2.155153e-02 1.000000 0.383939 0.496930
3.964843e-01 2.155153e-02 2.155153e-02 1.000000 0.903807 0.898009
6.589077e-01 2.155153e-02 2.155153e-02 1.000000 0.012969 0.365895
4.672131e-01 2.155153e-02 2.155153e-02 1.000000 0.623777 0.542972
7.654348e-01 2.155153e-02 2.155153e-02 1.000000 0.236458 0.054744
4.107347e-01 2.155153e-02 2.155153e-02 1.000000 0.809216 0.025382
6.727327e-01 2.155153e-02 2.155153e-02 1.000000 0.327309 0.906779
1.873859e-01 2.155153e-02 2.155153e-02 1.000000 0.612573 0.579150
1.068715e-02 2.155153e-02 2.155153e-02 1.000000 0.290779 0.191990
5.605765e-01 2.155153e-02 2.155153e-02 1.000000 0.972211 0.891907
3.896729e-02 2.155153e-02 2.155153e-02 1.000000 0.564727 0.910234
4.962151e-01 2.155153e-02 2.155153e-02 1.000000 0.832666 0.448874
8.691427e-01 2.155153e-02 2.155153e-02 1.000000 0.273778 0.126252
6.907307e-01 2.155153e-02 2.155153e-02 1.000000 0.970422 0.540343
6.753007e-01 2.155153e-02 2.155153e-02 1.000000 0.148632 0.508373
8.671203e-01 2.155153e-02 2.155153e-02 1.000000 0.895926 0.489579
3.409839e-01 2.155153e-02 2.155153e-02 1.000000 0.085370 0.702451
9.599962e-01 2.155153e-02 2.155153e-02 1.000000 0.750224 0.838230
5.570803e-01 2.155153e-02 2.155153e-02 1.000000 0.023727 0.613878
4.316596e-01 2.155153e-02 2.155153e-02 1.000000 0.738902 0.668197
1.797123e-01 2.155153e-02 2.155153e-02 1.000000 0.977778 0.479281
3.853872e-01 2.155153e-02 2.155153e-02 1.000000 0.351496 0.698133
7.489308e-01 2.155153e-02 2.155153e-02 1.000000 0.043982 0.711107
9.826016e-01 2.155153e-02 2.155153e-02 1.000000 0.186263 0.115105
2.214054e-01 2.155153e-02 2.155153e-02 1.000000 0.623305 0.344223
3.611111e-01 2.155153e-02 2.155153e-02 1.000000 0.588196 0.433510
9.334511e-01 2.155153e-02 2.155153e-02 1.000000 0.432852 0.158046
4.524748e-01 2.155153e-02 2.155153e-02 1.000000 0.345194 0.702721
9.126946e-01 2.155153e-02 2.155153e-02 1.000000 0.370981 0.912475
8.441346e-01 2.155153e-02 2.155153e-02 1.000000 0.486335 0.728054
8.475321e-01 2.155153e-02 2.155153e-02 1.000000 0.348296 0.293687
7.210917e-01 2.155153e-02 2.155153e-02 1.000000 0.367626 0.305474
8.832397e-01 2.155153e-02 2.155153e-02 1.000000 0.737692 0.906239
9.053031e-01 2.155153e-02 2.155153e-02 1.000000 0.524613 0.769127
4.750273e-01 2.155153e-02 2.155153e-02 1.000000 0.353496 0.563103
8.127702e-02 2.155153e-02 2.155153e-02 1.000000 0.589401 0.536320
5.623001e-02 2.155153e-02 2.155153e-02 1.000000 0.570491 0.298627
8.405911e-01 2.155153e-02 2.155153e-02 1.000000 0.629667 0.362109
7.437806e-01 2.155153e-02 2.155153e-02 1.000000 0.095379 0.213807
5.641101e-01 2.155153e-02 2.155153e-02 1.000000 0.405610 0.704625
4.122284e-01 2.155153e-02 2.155153e-02 1.000000 0.776885 0.114603
8.056930e-01 2.155153e-02 2.155153e-02 1.000000 0.493542 0.590305
9.556347e-01 2.155153e-02 2.155153e-02 1.000000 0.697806 0.238624
8.504262e-02 2.155153e-02 2.155153e-02 1.000000 0.716339 0.303238
9.085941e-01 2.155153e-02 2.155153e-02 1.000000 0.633475 0.816313
7.525133e-01 2.155153e-02 2.155153e-02 1.000000 0.380550 0.082770
1.218176e-01 2.155153e-02 2.155153e-02 1.000000 0.538516 0.839395
1.686400e-01 2.155153e-02 2.155153e-02 1.000000 0.942145 0.479192
4.279307e-02 2.155153e-02 2.155153e-02 1.000000 0.961182 0.662465
9.929841e-01 2.155153e-02 2.155153e-02 1.000000 0.165031 0.390243
7.551471e-01 2.155153e-02 2.155153e-02 1.000000 0.185396 0.539345
9.422582e-01 2.155153e-02 2.155153e-02 1.000000 0.766318 0.856610
3.672363e-01 2.155153e-02 2.155153e-02 1.000000 0.468909 0.052437
5.028960e-01 2.155153e-02 2.155153e-02 1.000000 0.960558 0.799810
9.315564e-01 2.155153e-02 2.155153e-02 1.000000 0.386776 0.107410
9.829392e-01 2.155153e-02 2.155153e-02 1.000000 0.855066 0.149257
3.080160e-01 2.155153e-02 2.155153e-02 1.000000 0.460224 0.496803
7.979228e-01 2.155153e-02 2.155153e-02 1.000000 0.394416 0.896512
5.070713e-01 2.155153e-02 2.155153e-02 1.000000 0.304965 0.352634
8.006215e-01 2.155153e-02 2.155153e-02 1.000000 0.223075 0.944758
5.672013e-01 2.155153e-02 2.155153e-02 1.000000 0.981977 0.971850
1.044293e-02 2.155153e-02 2.155153e-02 1.000000 0.059529 0.313309
6.359630e-01 2.155153e-02 2.155153e-02 1.000000 0.566156 0.436855
4.092073e-01 2.155153e-02 2.155153e-02 1.000000 0.894593 0.250790
5.966469e-01 2.155153e-02 2.155153e-02 1.000000 0.933003 0.524228
5.988258e-02 2.155153e-02 2.155153e-02 1.000000 0.696081 0.659861
4.681815e-01 2.155153e-02 2.155153e-02 1.000000 0.969974 0.380179
1.168058e-01 2.155153e-02 2.155153e-02 1.000000 0.111570 0.191139
9.343970e-01 2.155153e-02 2.155153e-02 1.000000 0.059762 0.835471
8.858819e-01 2.155153e-02 2.155153e-02 1.000000 0.909690 0.170955
2.683675e-01 2.155153e-02 2.155153e-02 1.000000 0.635839 0.045994
6.397868e-01 2.155153e-02 2.155153e-02 1.000000 0.539021 0.027675
4.731919e-01 2.155153e-02 2.155153e-02 1.000000 0.379475 0.836474
2.276513e-01 2.155153e-02 2.155153e-02 1.000000 0.399010 0.327850
4.655650e-01 2.155153e-02 2.155153e-02 1.000000 0.438200 0.410823
8.494488e-01 2.155153e-02 2.155153e-02 1.000000 0.141842 0.178498
2.496893e-01 2.155153e-02 2.155153e-02 1.000000 0.710370 0.840141
2.563493e-02 2.155153e-02 2.155153e-02 1.000000 0.541608 0.211872
5.735366e-01 2.155153e-02 2.155153e-02 1.000000 0.721448 0.627180
5.359754e-01 2.155153e-02 2.155153e-02 1.000000 0.467268 0.455622
1.430924e-01 2.155153e-02 2.155153e-02 1.000000 0.870272 0.493488
4.120092e-01 2.155153e-02 2.155153e-02 1.000000 0.208292 0.243621
8.214118e-01 2.155153e-02 2.155153e-02 1.000000 0.808315 0.542205
8.651771e-01 2.155153e-02 2.155153e-02 1.000000 0.132161 0.158618
6.476548e-01 2.155153e-02 2.155153e-02 1.000000 0.135494 0.864554
4.634153e-01 2.155153e-02 2.155153e-02 1.000000 0.876207 0.574229
1.783432e-01 2.155153e-02 2.155153e-02 1.000000 0.808953 0.999649
7.822315e-01 2.155153e-02 2.155153e-02 1.000000 0.868489 0.718160
4.796978e-01 2.155153e-02 2.155153e-02 1.000000 0.933847 0.339083
7.922466e-01 2.155153e-02 2.155153e-02 1.000000 0.102154 0.058300
5.273284e-02 2.155153e-02 2.155153e-02 1.000000 0.069800 0.130980
6.175877e-01 2.155153e-02 2.155153e-02 1.000000 0.994731 0.335805
9.897010e-01 2.155153e-02 2.155153e-02 1.000000 0.798003 0.896493
7.075404e-01 2.155153e-02 2.155153e-02 1.000000 0.287176 0.213739
5.103399e-03 2.155153e-02 2.155153e-02 1.000000 0.672521 0.095176
3.067459e-01 2.155153e-02 2.155153e-02 1.000000 0.838677 0.485705
2.271819e-01 2.155153e-02 2.155153e-02 1.000000 0.808080 0.865677
5.143672e-01 2.155153e-02 2.155153e-02 1.000000 0.235609 0.702972
9.972334e-01 2.155153e-02 2.155153e-02 1.000000 0.496657 0.641859
9.470822e-01 2.155153e-02 2.155153e-02 1.000000 0.159715 0.893243
7.340521e-01 2.155153e-02 2.155153e-02 1.000000 0.792442 0.304861
5.333736e-01 2.155153e-02 2.155153e-02 1.000000 0.666216 0.631103
9.187740e-01 2.155153e-02 2.155153e-02 1.000000 0.548023 0.395900
9.035974e-01 2.155153e-02 2.155153e-02 1.000000 0.793047 0.370091
8.630219e-01 2.155153e-02 2.155153e-02 1.000000 0.085960 0.275039
9.761534e-01 2.155153e-02 2.155153e-02 1.000000 0.887597 0.466123
1.267245e-02 2.155153e-02 2.155153e-02 1.000000 0.229927 0.244254
4.040599e-01 2.155153e-02 2.155153e-02 1.000000 0.673883 0.364921
9.273868e-01 2.155153e-02 2.155153e-02 1.000000 0.397839 0.304527
6.924196e-01 2.155153e-02 2.155153e-02 1.000000 0.845779 0.458783
3.385342e-01 2.155153e-02 2.155153e-02 1.000000 0.855605 0.469512
9.734349e-01 2.155153e-02 2.155153e-02 1.000000 0.570622 0.792613
4.911079e-01 2.155153e-02 2.155153e-02 1.000000 0.704447 0.353720
8.337913e-01 2.155153e-02 2.155153e-02 1.000000 0.001872 0.187126
1.633862e-02 2.155153e-02 2.155153e-02 1.000000 0.044029 0.002612
6.156161e-01 2.155153e-02 2.155153e-02 1.000000 0.634588 0.280079
2.343467e-01 2.155153e-02 2.155153e-02 1.000000 0.552517 0.271046
9.286064e-02 2.155153e-02 2.155153e-02 1.000000 0.643993 0.615630
6.197107e-01 2.155153e-02 2.155153e-02 1.000000 0.945057 0.375220
8.525638e-01 2.155153e-02 2.155153e-02 1.000000 0.505112 0.166615
1.478411e-01 2.155153e-02 2.155153e-02 1.000000 0.430892 0.834092
6.860011e-02 2.155153e-02 2.155153e-02 1.000000 0.786018 0.706721
2.814118e-01 2.155153e-02 2.155153e-02 1.000000 0.732042 0.650859
2.171859e-02 2.155153e-02 2.155153e-02 1.000000 0.995296 0.872014
6.296386e-01 2.155153e-02 2.155153e-02 1.000000 0.965297 0.071416
3.991908e-01 2.155153e-02 2.155153e-02 1.000000 0.857572 0.618336
3.907952e-01 2.155153e-02 2.155153e-02 1.000000 0.497616 0.434690
1.863399e-01 2.155153e-02 2.155153e-02 1.000000 0.236353 0.406616
7.963788e-01 2.155153e-02 2.155153e-02 1.000000 0.138334 0.387312
3.401498e-01 2.155153e-02 2.155153e-02 1.000000 0.634768 0.098668
2.719792e-01 2.155153e-02 2.155153e-02 1.000000 0.300927 0.873579
5.684926e-02 2.155153e-02 2.155153e-02 1.000000 0.317367 0.318430
4.340289e-01 2.155153e-02 2.155153e-02 1.000000 0.854412 0.705629
9.121302e-01 2.155153e-02 2.155153e-02 1.000000 0.628485 0.907657
1.631146e-02 2.155153e-02 2.155153e-02 1.000000 0.474504 0.220969
7.788468e-01 2.155153e-02 2.155153e-02 1.000000 0.467081 0.040518
5.258215e-02 2.155153e-02 2.155153e-02 1.000000 0.272647 0.162650
5.986508e-01 2.155153e-02 2.155153e-02 1.000000 0.529662 0.650670
4.958351e-01 2.155153e-02 2.155153e-02 1.000000 0.938653 0.451185
1.567764e-01 2.155153e-02 2.155153e-02 1.000000 0.254692 0.818723
8.430942e-01 2.155153e-02 2.155153e-02 1.000000 0.833668 0.742135
9.554488e-01 2.155153e-02 2.155153e-02 1.000000 0.550206 0.435420
1.089064e-01 2.155153e-02 2.155153e-02 1.000000 0.758350 0.138236
2.752434e-01 2.155153e-02 2.155153e-02 1.000000 0.563909 0.250799
6.873644e-01 2.155153e-02 2.155153e-02 1.000000 0.424543 0.449783
2.778727e-01 2.155153e-02 2.155153e-02 1.000000 0.822395 0.780223
6.451581e-01 2.155153e-02 2.155153e-02 1.000000 0.638566 0.468875
6.784367e-01 2.155153e-02 2.155153e-02 1.000000 0.188808 0.458238
1.205134e-01 2.155153e-02 2.155153e-02 1.000000 0.101147 0.625576
9.538521e-01 2.155153e-02 2.155153e-02 1.000000 0.730791 0.969648
6.913575e-01 2.155153e-02 2.155153e-02 1.000000 0.740311 0.916084
1.622592e-01 2.155153e-02 2.155153e-02 1.000000 0.309187 0.003674
3.548402e-01 2.155153e-02 2.155153e-02 1.000000 0.245202 0.258336
6.180634e-01 2.155153e-02 2.155153e-02 1.000000 0.030401 0.889110
4.983199e-01 2.155153e-02 2.155153e-02 1.000000 0.233044 0.992246
6.601591e-01 2.155153e-02 2.155153e-02 1.000000 0.755653 0.640741
6.558568e-01 2.155153e-02 2.155153e-02 1.000000 0.684037 0.331619
3.244939e-01 2.155153e-02 2.155153e-02 1.000000 0.789479 0.875851
4.577828e-01 2.155153e-02 2.155153e-02 1.000000 0.536464 0.781909
5.205609e-01 2.155153e-02 2.155153e-02 1.000000 0.883232 0.843097
3.074051e-01 2.155153e-02 2.155153e-02 1.000000 0.376464 0.800865
9.972491e-01 2.155153e-02 2.155153e-02 1.000000 0.868091 0.343565
4.345269e-01 2.155153e-02 2.155153e-02 1.000000 0.798392 0.136083
5.442852e-01 2.155153e-02 2.155153e-02 1.000000 0.603976 0.645433
9.053282e-02 2.155153e-02 2.155153e-02 1.000000 0.780902 0.681393
8.837845e-01 2.155153e-02 2.155153e-02 1.000000 0.163255 0.139806
6.101369e-01 2.155153e-02 2.155153e-02 1.000000 0.422502 0.670726
1.040432e-01 2.155153e-02 2.155153e-02 1.000000 0.287948 0.162277
9.344064e-01 2.155153e-02 2.155153e-02 1.000000 0.184861 0.632009
7.580147e-02 2.155153e-02 2.155153e-02 1.000000 0.123437 0.504854
9.252357e-01 2.155153e-02 2.155153e-02 1.000000 0.726158 0.764803
2.142689e-01 2.155153e-02 2.155153e-02 1.000000 0.145567 0.936434
3.429492e-01 2.155153e-02 2.155153e-02 1.000000 0.687380 0.821248
5.532717e-01 2.155153e-02 2.155153e-02 1.000000 0.502957 0.316108
9.482186e-01 2.155153e-02 2.155153e-02 1.000000 0.432143 0.990730
6.000889e-01 2.155153e-02 2.155153e-02 1.000000 0.509095 0.456858
5.690709e-01 2.155153e-02 2.155153e-02 1.000000 0.235246 0.792914
3.387456e-01 2.155153e-02 2.155153e-02 1.000000 0.027416 0.642413
1.472554e-01 2.155153e-02 2.155153e-02 1.000000 0.166584 0.075300
1.213920e-01 2.155153e-02 2.155153e-02 1.000000 0.202375 0.012895
9.196989e-01 2.155153e-02 2.155153e-02 1.000000 0.914269 0.027446
6.536957e-01 2.155153e-02 2.155153e-02 1.000000 0.411849 0.885443
5.861476e-01 2.155153e-02 2.155153e-02 1.000000 0.504564 0.173434
5.398394e-01 2.155153e-02 2.155153e-02 1.000000 0.782907 0.536074
6.351988e-01 2.155153e-02 2.155153e-02 1.000000 0.336934 0.364181
2.331034e-01 2.155153e-02 2.155153e-02 1.000000 0.393941 0.781645
5.253168e-01 2.155153e-02 2.155153e-02 1.000000 0.345228 0.391014
6.184048e-01 2.155153e-02 2.155153e-02 1.000000 0.129918 0.450402
6.269757e-01 2.155153e-02 2.155153e-02 1.000000 0.260083 0.773523
4.972228e-01 2.155153e-02 2.155153e-02 1.000000 0.531116 0.759538
8.379680e-01 2.155153e-02 2.155153e-02 1.000000 0.417221 0.196194
5.206067e-02 2.155153e-02 2.155153e-02 1.000000 0.010494 0.572307
3.432621e-01 2.155153e-02 2.155153e-02 1.000000 0.934408 0.858324
3.334678e-01 2.155153e-02 2.155153e-02 1.000000 0.923738 0.634755
6.409448e-01 2.155153e-02 2.155153e-02 1.000000 0.246204 0.021382
3.666202e-01 2.155153e-02 2.155153e-02 1.000000 0.010301 0.990805
2.448801e-01 2.155153e-02 2.155153e-02 1.000000 0.583063 0.100650
8.236485e-02 2.155153e-02 2.155153e-02 1.000000 0.764342 0.266515
4.656865e-01 2.155153e-02 2.155153e-02 1.000000 0.652465 0.123284
5.352068e-01 2.155153e-02 2.155153e-02 1.000000 0.094646 0.838105
8.307305e-01 2.155153e-02 2.155153e-02 1.000000 0.569235 0.004673
3.697800e-01 2.155153e-02 2.155153e-02 1.000000 0.261379 0.723002
5.387336e-01 2.155153e-02 2.155153e-02 1.000000 0.504605 0.726340
5.507584e-01 2.155153e-02 2.155153e-02 1.000000 0.078491 0.512541
3.812105e-01 2.155153e-02 2.155153e-02 1.000000 0.139644 0.731242
9.960181e-01 2.155153e-02 2.155153e-02 1.000000 0.079525 0.143864
2.426202e-01 2.155153e-02 2.155153e-02 1.000000 0.790846 0.296769
2.847923e-01 2.155153e-02 2.155153e-02 1.000000 0.952013 0.149302
8.482236e-01 2.155153e-02 2.155153e-02 1.000000 0.543700 0.453219
7.699198e-01 2.155153e-02 2.155153e-02 1.000000 0.824550 0.282853
9.822262e-01 2.155153e-02 2.155153e-02 1.000000 0.686029 0.208288
2.356508e-01 2.155153e-02 2.155153e-02 1.000000 0.788161 0.051219
8.753263e-01 2.155153e-02 2.155153e-02 1.000000 0.469398 0.194291
8.120400e-02 2.155153e-02 2.155153e-02 1.000000 0.753953 0.727914
9.800817e-01 2.155153e-02 2.155153e-02 1.000000 0.799388 0.809513
8.846021e-01 2.155153e-02 2.155153e-02 1.000000 0.661141 0.806893
8.038406e-02 2.155153e-02 2.155153e-02 1.000000 0.573464 0.940742
6.459568e-01 2.155153e-02 2.155153e-02 1.000000 0.951455 0.505289
5.553628e-01 2.155153e-02 2.155153e-02 1.000000 0.769895 0.764963
8.502802e-01 2.155153e-02 2.155153e-02 1.000000 0.474782 0.933715
5.445230e-01 2.155153e-02 2.155153e-02 1.000000 0.164247 0.633690
3.112820e-01 2.155153e-02 2.155153e-02 1.000000 0.590182 0.912745
2.627702e-01 2.155153e-02 2.155153e-02 1.000000 0.350238 0.372382
7.392787e-01 2.155153e-02 2.155153e-02 1.000000 0.249991 0.362478
2.415196e-01 2.155153e-02 2.155153e-02 1.000000 0.845933 0.955852
9.256537e-01 2.155153e-02 2.155153e-02 1.000000 0.495022 0.154318
9.569407e-01 2.155153e-02 2.155153e-02 1.000000 0.125850 0.599471
7.794046e-01 2.155153e-02 2.155153e-02 1.000000 0.443428 0.455084
8.165727e-01 2.155153e-02 2.155153e-02 1.000000 0.778713 0.820751
2.546387e-02 2.155153e-02 2.155153e-02 1.000000 0.635355 0.039996
3.660605e-01 2.155153e-02 2.155153e-02 1.000000 0.659249 0.732885
5.152095e-01 2.155153e-02 2.155153e-02 1.000000 0.511020 0.132795
4.991612e-02 2.155153e-02 2.155153e-02 1.000000 0.605372 0.554708
8.625104e-01 2.155153e-02 2.155153e-02 1.000000 0.521591 0.901733
3.895441e-01 2.155153e-02 2.155153e-02 1.000000 0.863290 0.145258
9.892894e-01 2.155153e-02 2.155153e-02 1.000000 0.516038 0.552342
3.588882e-01 2.155153e-02 2.155153e-02 1.000000 0.308550 0.916052
3.307957e-01 2.155153e-02 2.155153e-02 1.000000 0.476423 0.965657
2.942972e-01 2.155153e-02 2.155153e-02 1.000000 0.584760 0.280806
6.524378e-01 2.155153e-02 2.155153e-02 1.000000 0.420307 0.258245
1.654623e-02 2.155153e-02 2.155153e-02 1.000000 0.476965 0.332742
7.422072e-01 2.155153e-02 2.155153e-02 1.000000 0.478716 0.730714
7.628187e-01 2.155153e-02 2.155153e-02 1.000000 0.429688 0.195675
1.236477e-01 2.155153e-02 2.155153e-02 1.000000 0.185828 0.467276
7.247879e-01 2.155153e-02 2.155153e-02 1.000000 0.946158 0.622061
4.393009e-01 2.155153e-02 2.155153e-02 1.000000 0.357515 0.526727
3.271095e-01 2.155153e-02 2.155153e-02 1.000000 0.832172 0.696334
7.681220e-01 2.155153e-02 2.155153e-02 1.000000 0.375813 0.093832
7.310237e-01 2.155153e-02 2.155153e-02 1.000000 0.776955 0.592775
1.226228e-01 2.155153e-02 2.155153e-02 1.000000 0.273356 0.035108
8.154396e-01 2.155153e-02 2.155153e-02 1.000000 0.876332 0.563905
9.589400e-01 2.155153e-02 2.155153e-02 1.000000 0.716546 0.125073
2.584866e-01 2.155153e-02 2.155153e-02 1.000000 0.610002 0.358418
1.746839e-02 2.155153e-02 2.155153e-02 1.000000 0.617140 0.065339
8.805575e-01 2.155153e-02 2.155153e-02 1.000000 0.117110 0.749613
2.909522e-01 2.155153e-02 2.155153e-02 1.000000 0.806704 0.650937
2.379032e-01 2.155153e-02 2.155153e-02 1.000000 0.204895 0.745959
6.763347e-01 2.155153e-02 2.155153e-02 1.000000 0.784871 0.596280
8.760193e-01 2.155153e-02 2.155153e-02 1.000000 0.792746 0.343671
6.038438e-02 2.155153e-02 2.155153e-02 1.000000 0.863242 0.685963
8.130960e-02 2.155153e-02 2.155153e-02 1.000000 0.990453 0.143674
3.598016e-01 2.155153e-02 2.155153e-02 1.000000 0.745413 0.353987
6.668998e-01 2.155153e-02 2.155153e-02 1.000000 0.054573 0.995441
4.181617e-01 2.155153e-02 2.155153e-02 1.000000 0.676143 0.234261
6.641197e-01 2.155153e-02 2.155153e-02 1.000000 0.362894 0.955442
3.774890e-01 2.155153e-02 2.155153e-02 1.000000 0.919454 0.558537
7.401511e-01 2.155153e-02 2.155153e-02 1.000000 0.822080 0.972061
3.466561e-01 2.155153e-02 2.155153e-02 1.000000 0.350214 0.376335
5.146632e-01 2.155153e-02 2.155153e-02 1.000000 0.631001 0.119230
9.111861e-01 2.155153e-02 2.155153e-02 1.000000 0.936329 0.420733
6.324591e-01 2.155153e-02 2.155153e-02 1.000000 0.198911 0.292075
1.743765e-01 2.155153e-02 2.155153e-02 1.000000 0.025094 0.817949
7.849740e-01 2.155153e-02 2.155153e-02 1.000000 0.497587 0.042732
7.848519e-01 2.155153e-02 2.155153e-02 1.000000 0.174400 0.997650
9.766831e-01 2.155153e-02 2.155153e-02 1.000000 0.951805 0.978206
2.669875e-01 2.155153e-02 2.155153e-02 1.000000 0.871327 0.030428
4.952654e-01 2.155153e-02 2.155153e-02 1.000000 0.538058 0.532808
3.930266e-01 2.155153e-02 2.155153e-02 1.000000 0.363735 0.289834
4.282925e-01 2.155153e-02 2.155153e-02 1.000000 0.832434 0.228027
4.902556e-01 2.155153e-02 2.155153e-02 1.000000 0.968227 0.329958
7.162532e-01 2.155153e-02 2.155153e-02 1.000000 0.346681 0.811616
4.973078e-01 2.155153e-02 2.155153e-02 1.000000 0.499500 0.026372
4.481578e-01 2.155153e-02 2.155153e-02 1.000000 0.017087 0.822625
8.498161e-03 2.155153e-02 2.155153e-02 1.000000 0.625676 0.912506
2.244594e-01 2.155153e-02 2.155153e-02 1.000000 0.522545 0.858032
8.889004e-01 2.155153e-02 2.155153e-02 1.000000 0.881977 0.451463
2.204282e-01 2.155153e-02 2.155153e-02 1.000000 0.435889 0.963647
8.154225e-01 2.155153e-02 2.155153e-02 1.000000 0.060413 0.253900
4.852482e-01 2.155153e-02 2.155153e-02 1.000000 0.581519 0.994589
9.616988e-02 2.155153e-02 2.155153e-02 1.000000 0.979225 0.194026
1.768405e-01 2.155153e-02 2.155153e-02 1.000000 0.697406 0.196402
1.368360e-01 2.155153e-02 2.155153e-02 1.000000 0.098004 0.161582
3.161017e-01 2.155153e-02 2.155153e-02 1.000000 0.162695 0.306741
7.567506e-02 2.155153e-02 2.155153e-02 1.000000 0.201827 0.909699
3.719837e-02 2.155153e-02 2.155153e-02 1.000000 0.328458 0.126514
7.097517e-01 2.155153e-02 2.155153e-02 1.000000 0.822965 0.933459
8.829030e-01 2.155153e-02 2.155153e-02 1.000000 0.149228 0.766845
1.026947e-01 2.155153e-02 2.155153e-02 1.000000 0.829357 0.957898
8.081245e-01 2.155153e-02 2.155153e-02 1.000000 0.729990 0.808147
6.892211e-01 2.155153e-02 2.155153e-02 1.000000 0.111832 0.670940
6.496978e-01 2.155153e-02 2.155153e-02 1.000000 0.341641 0.534857
9.273774e-01 2.155153e-02 2.155153e-02 1.000000 0.630558 0.586943
3.432815e-01 2.155153e-02 2.155153e-02 1.000000 0.742644 0.063593
8.680211e-03 2.155153e-02 2.155153e-02 1.000000 0.462376 0.715401
6.202435e-01 2.155153e-02 2.155153e-02 1.000000 0.111906 0.113393
4.460591e-01 2.155153e-02 2.155153e-02 1.000000 0.840268 0.288171
3.646642e-01 2.155153e-02 2.155153e-02 1.000000 0.335317 0.034372
4.778779e-01 2.155153e-02 2.155153e-02 1.000000 0.740437 0.372075
1.660227e-01 2.155153e-02 2.155153e-02 1.000000 0.917868 0.918634
7.927599e-03 2.155153e-02 2.155153e-02 1.000000 0.818807 0.440991
5.331924e-01 2.155153e-02 2.155153e-02 1.000000 0.302518 0.196491
7.055820e-01 2.155153e-02 2.155153e-02 1.000000 0.413000 0.618613
7.717887e-01 2.155153e-02 2.155153e-02 1.000000 0.715980 0.806730
1.832258e-01 2.155153e-02 2.155153e-02 1.000000 0.868035 0.501679
6.206006e-01 2.155153e-02 2.155153e-02 1.000000 0.045596 0.037466
5.541425e-01 2.155153e-02 2.155153e-02 1.000000 0.844403 0.846273
7.348119e-01 2.155153e-02 2.155153e-02 1.000000 0.813413 0.046307
8.334065e-01 2.155153e-02 2.155153e-02 1.000000 0.773801 0.711642
7.112527e-01 2.155153e-02 2.155153e-02 1.000000 0.941158 0.573269
4.446128e-01 2.155153e-02 2.155153e-02 1.000000 0.426157 0.001975
7.329306e-02 2.155153e-02 2.155153e-02 1.000000 0.013674 0.281227
6.445899e-01 2.155153e-02 2.155153e-02 1.000000 0.880794 0.468203
9.341784e-01 2.155153e-02 2.155153e-02 1.000000 0.973769 0.808487
4.979440e-01 2.155153e-02 2.155153e-02 1.000000 0.087711 0.881931
8.304301e-01 2.155153e-02 2.155153e-02 1.000000 0.106319 0.540644
6.806400e-01 2.155153e-02 2.155153e-02 1.000000 0.966910 0.650678
8.372930e-01 2.155153e-02 2.155153e-02 1.000000 0.614011 0.413222
4.947316e-01 2.155153e-02 2.155153e-02 1.000000 0.793358 0.373710
2.436140e-01 2.155153e-02 2.155153e-02 1.000000 0.481143 0.090849
5.909877e-01 2.155153e-02 2.155153e-02 1.000000 0.722021 0.795853
9.810462e-01 2.155153e-02 2.155153e-02 1.000000 0.435682 0.998722
4.637270e-01 2.155153e-02 2.155153e-02 1.000000 0.845836 0.066258
9.633916e-01 2.155153e-02 2.155153e-02 1.000000 0.856686 0.525304
7.155765e-01 2.155153e-02 2.155153e-02 1.000000 0.512790 0.068675
9.495605e-02 2.155153e-02 2.155153e-02 1.000000 0.260610 0.436166
6.048035e-01 2.155153e-02 2.155153e-02 1.000000 0.924128 0.246230
5.043852e-01 2.155153e-02 2.155153e-02 1.000000 0.698253 0.341019
9.674862e-01 2.155153e-02 2.155153e-02 1.000000 0.889247 0.524513
2.556763e-01 2.155153e-02 2.155153e-02 1.000000 0.045059 0.172903
1.160436e-01 2.155153e-02 2.155153e-02 1.000000 0.841261 0.071733
1.377664e-01 2.155153e-02 2.155153e-02 1.000000 0.238519 0.254480
2.722541e-02 2.155153e-02 2.155153e-02 1.000000 0.699312 0.871417
1.379562e-01 2.155153e-02 2.155153e-02 1.000000 0.892834 0.066213
2.427402e-01 2.155153e-02 2.155153e-02 1.000000 0.165606 0.317235
3.888517e-01 2.155153e-02 2.155153e-02 1.000000 0.814696 0.783832
2.315707e-01 2.155153e-02 2.155153e-02 1.000000 0.593412 0.112652
3.284122e-01 2.155153e-02 2.155153e-02 1.000000 0.195269 0.424159
1.734866e-01 2.155153e-02 2.155153e-02 1.000000 0.037025 0.177949
4.048386e-01 2.155153e-02 2.155153e-02 1.000000 0.079274 0.267988
6.058861e-02 2.155153e-02 2.155153e-02 1.000000 0.865817 0.961504
7.472927e-01 2.155153e-02 2.155153e-02 1.000000 0.487135 0.859515
5.117515e-01 2.155153e-02 2.155153e-02 1.000000 0.632192 0.970886
5.316093e-01 2.155153e-02 2.155153e-02 1.000000 0.594575 0.055571
1.628148e-01 2.155153e-02 2.155153e-02 1.000000 0.990930 0.282961
2.251536e-01 2.155153e-02 2.155153e-02 1.000000 0.661957 0.767584
9.822976e-01 2.155153e-02 2.155153e-02 1.000000 0.109933 0.430740
3.770843e-01 2.155153e-02 2.155153e-02 1.000000 0.507440 0.322516
8.188572e-01 2.155153e-02 2.155153e-02 1.000000 0.760872 0.453543
6.451064e-01 2.155153e-02 2.155153e-02 1.000000 0.815168 0.539753
4.915478e-01 2.155153e-02 2.155153e-02 1.000000 0.086763 0.779763
8.572075e-01 2.155153e-02 2.155153e-02 1.000000 0.300570 0.224244
4.321041e-01 2.155153e-02 2.155153e-02 1.000000 0.447722 0.871982
1.810836e-01 2.155153e-02 2.155153e-02 1.000000 0.542042 0.783969
6.548835e-01 2.155153e-02 2.155153e-02 1.000000 0.075860 0.903082
2.733429e-01 2.155153e-02 2.155153e-02 1.000000 0.009900 0.075960
5.044125e-01 2.155153e-02 2.155153e-02 1.000000 0.569976 0.444227
5.957606e-01 2.155153e-02 2.155153e-02 1.000000 0.211866 0.221255
1.281894e-01 2.155153e-02 2.155153e-02 1.000000 0.728017 0.282258
3.472308e-01 2.155153e-02 2.155153e-02 1.000000 0.664734 0.200092
7.647432e-01 2.155153e-02 2.155153e-02 1.000000 0.061373 0.553056
7.867315e-01 2.155153e-02 2.155153e-02 1.000000 0.682309 0.971815
7.610432e-01 2.155153e-02 2.155153e-02 1.000000 0.220727 0.197352
6.040280e-01 2.155153e-02 2.155153e-02 1.000000 0.039052 0.001677
2.842524e-01 2.155153e-02 2.155153e-02 1.000000 0.302153 0.753806
1.114658e-01 2.155153e-02 2.155153e-02 1.000000 0.365597 0.670595
2.270298e-01 2.155153e-02 2.155153e-02 1.000000 0.381425 0.287842
7.874634e-01 2.155153e-02 2.155153e-02 1.000000 0.497728 0.985974
3.766815e-01 2.155153e-02 2.155153e-02 1.000000 0.310307 0.204352
6.339687e-01 2.155153e-02 2.155153e-02 1.000000 0.304782 0.694447
2.581955e-01 2.155153e-02 2.155153e-02 1.000000 0.335561 0.934452
5.503876e-01 2.155153e-02 2.155153e-02 1.000000 0.605907 0.091061
2.768268e-02 2.155153e-02 2.155153e-02 1.000000 0.244796 0.610311
6.417865e-02 2.155153e-02 2.155153e-02 1.000000 0.899389 0.981119
6.552527e-01 2.155153e-02 2.155153e-02 1.000000 0.283786 0.863488
9.112912e-01 2.155153e-02 2.155153e-02 1.000000 0.994604 0.550075
9.050562e-01 2.155153e-02 2.155153e-02 1.000000 0.285797 0.619091
7.292904e-01 2.155153e-02 2.155153e-02 1.000000 0.226631 0.845229
9.911781e-01 2.155153e-02 2.155153e-02 1.000000 0.168144 0.253462
2.182387e-02 2.155153e-02 2.155153e-02 1.000000 0.338059 0.571110
2.486976e-01 2.155153e-02 2.155153e-02 1.000000 0.982755 0.291130
6.903545e-01 2.155153e-02 2.155153e-02 1.000000 0.147339 0.451871
2.953006e-01 2.155153e-02 2.155153e-02 1.000000 0.861082 0.653152
8.639139e-01 2.155153e-02 2.155153e-02 1.000000 0.142688 0.974205
3.206273e-01 2.155153e-02 2.155153e-02 1.000000 0.356739 0.501192
5.473170e-01 2.155153e-02 2.155153e-02 1.000000 0.861344 0.665673
9.998157e-01 2.155153e-02 2.155153e-02 1.000000 0.096304 0.245962
3.755963e-01 2.155153e-02 2.155153e-02 1.000000 0.837274 0.743614
1.024851e-01 2.155153e-02 2.155153e-02 1.000000 0.381367 0.370797
2.751704e-01 2.155153e-02 2.155153e-02 1.000000 0.300642 0.229915
3.228303e-01 2.155153e-02 2.155153e-02 1.000000 0.963837 0.754416
3.156819e-01 2.155153e-02 2.155153e-02 1.000000 0.699796 0.519294
1.493582e-01 2.155153e-02 2.155153e-02 1.000000 0.908984 0.591139
5.606487e-01 2.155153e-02 2.155153e-02 1.000000 0.748681 0.880101
8.353869e-01 2.155153e-02 2.155153e-02 1.000000 0.263192 0.003793
8.678025e-01 2.155153e-02 2.155153e-02 1.000000 0.616061 0.843066
2.987401e-02 2.155153e-02 2.155153e-02 1.000000 0.127248 0.177017
1.832807e-01 2.155153e-02 2.155153e-02 1.000000 0.363625 0.136136
2.323242e-01 2.155153e-02 2.155153e-02 1.000000 0.542273 0.337057
9.143588e-01 2.155153e-02 2.155153e-02 1.000000 0.396032 0.577929
8.407097e-01 2.155153e-02 2.155153e-02 1.000000 0.214662 0.926090
8.661648e-01 2.155153e-02 2.155153e-02 1.000000 0.762738 0.487378
2.343991e-01 2.155153e-02 2.155153e-02 1.000000 0.670087 0.452119
7.033330e-01 2.155153e-02 2.155153e-02 1.000000 0.206642 0.794129
5.708320e-01 2.155153e-02 2.155153e-02 1.000000 0.580461 0.892818
3.281989e-01 2.155153e-02 2.155153e-02 1.000000 0.381502 0.887826
7.152685e-01 2.155153e-02 2.155153e-02 1.000000 0.082365 0.655776
3.724872e-02 2.155153e-02 2.155153e-02 1.000000 0.314103 0.327070
6.751236e-01 2.155153e-02 2.155153e-02 1.000000 0.676405 0.371817
1.317942e-01 2.155153e-02 2.155153e-02 1.000000 0.760944 0.612741
4.418366e-01 2.155153e-02 2.155153e-02 1.000000 0.898812 0.913733
4.571796e-01 2.155153e-02 2.155153e-02 1.000000 0.418503 0.347675
9.375382e-01 2.155153e-02 2.155153e-02 1.000000 0.607881 0.046300
8.424875e-01 2.155153e-02 2.155153e-02 1.000000 0.442104 0.152204
9.258165e-01 2.155153e-02 2.155153e-02 1.000000 0.813997 0.006166
1.269767e-01 2.155153e-02 2.155153e-02 1.000000 0.198598 0.777409
1.193770e-01 2.155153e-02 2.155153e-02 1.000000 0.556067 0.843892
8.187841e-01 2.155153e-02 2.155153e-02 1.000000 0.317383 0.361684
4.631081e-01 2.155153e-02 2.155153e-02 1.000000 0.636765 0.530648
9.283359e-01 2.155153e-02 2.155153e-02 1.000000 0.486842 0.278482
5.370309e-01 2.155153e-02 2.155153e-02 1.000000 0.907881 0.851410
6.906616e-01 2.155153e-02 2.155153e-02 1.000000 0.066061 0.036281
9.836020e-01 2.155153e-02 2.155153e-02 1.000000 0.334931 0.486843
8.617745e-01 2.155153e-02 2.155153e-02 1.000000 0.878538 0.193274
7.999618e-01 2.155153e-02 2.155153e-02 1.000000 0.677664 0.513885
4.158343e-01 2.155153e-02 2.155153e-02 1.000000 0.186219 0.533609
8.434028e-01 2.155153e-02 2.155153e-02 1.000000 0.849616 0.541395
9.990572e-02 2.155153e-02 2.155153e-02 1.000000 0.953999 0.677172
9.303393e-01 2.155153e-02 2.155153e-02 1.000000 0.468412 0.063146
7.475716e-01 2.155153e-02 2.155153e-02 1.000000 0.038743 0.522981
4.137359e-01 2.155153e-02 2.155153e-02 1.000000 0.451886 0.084370
3.938993e-01 2.155153e-02 2.155153e-02 1.000000 0.437392 0.544252
3.291377e-01 2.155153e-02 2.155153e-02 1.000000 0.776299 0.288289
8.960149e-01 2.155153e-02 2.155153e-02 1.000000 0.806162 0.556804
1.833437e-01 2.155153e-02 2.155153e-02 1.000000 0.643429 0.409277
1.037053e-01 2.155153e-02 2.155153e-02 1.000000 0.969095 0.617633
7.620428e-01 2.155153e-02 2.155153e-02 1.000000 0.735807 0.631396
3.992645e-01 2.155153e-02 2.155153e-02 1.000000 0.750667 0.698983
5.144401e-01 2.155153e-02 2.155153e-02 1.000000 0.701526 0.684440
3.926518e-01 2.155153e-02 2.155153e-02 1.000000 0.249176 0.161077
3.933600e-01 2.155153e-02 2.155153e-02 1.000000 0.608842 0.730831
3.860963e-01 2.155153e-02 2.155153e-02 1.000000 0.304569 0.427808
3.516552e-01 2.155153e-02 2.155153e-02 1.000000 0.724889 0.258301
8.151721e-01 2.155153e-02 2.155153e-02 1.000000 0.798362 0.357784
3.831408e-01 2.155153e-02 2.155153e-02 1.000000 0.976395 0.534519
1.226515e-01 2.155153e-02 2.155153e-02 1.000000 0.537508 0.263250
2.456420e-02 2.155153e-02 2.155153e-02 1.000000 0.857586 0.342453
1.046430e-01 2.155153e-02 2.155153e-02 1.000000 0.894033 0.811647
4.425002e-01 2.155153e-02 2.155153e-02 1.000000 0.584724 0.713919
5.956008e-01 2.155153e-02 2.155153e-02 1.000000 0.463079 0.419582
9.219162e-01 2.155153e-02 2.155153e-02 1.000000 0.648679 0.196900
8.871004e-01 2.155153e-02 2.155153e-02 1.000000 0.142709 0.244198
5.642113e-01 2.155153e-02 2.155153e-02 1.000000 0.804776 0.189774
6.584356e-01 2.155153e-02 2.155153e-02 1.000000 0.628286 0.141987
2.010268e-01 2.155153e-02 2.155153e-02 1.000000 0.185640 0.981431
8.920857e-01 2.155153e-02 2.155153e-02 1.000000 0.269397 0.657143
2.303268e-01 2.155153e-02 2.155153e-02 1.000000 0.072237 0.260664
2.366058e-01 2.155153e-02 2.155153e-02 1.000000 0.122399 0.443135
9.349072e-01 2.155153e-02 2.155153e-02 1.000000 0.136539 0.975653
5.160639e-01 2.155153e-02 2.155153e-02 1.000000 0.192771 0.126709
8.381826e-01 2.155153e-02 2.155153e-02 1.000000 0.446894 0.027195
8.509180e-01 2.155153e-02 2.155153e-02 1.000000 0.832451 0.131616
1.698764e-01 2.155153e-02 2.155153e-02 1.000000 0.809158 0.417623
7.108180e-03 2.155153e-02 2.155153e-02 1.000000 0.805447 0.581253
9.632080e-01 2.155153e-02 2.155153e-02 1.000000 0.906719 0.329365
5.085250e-01 2.155153e-02 2.155153e-02 1.000000 0.242283 0.466996
1.494492e-02 2.155153e-02 2.155153e-02 1.000000 0.203162 0.117859
7.744789e-01 2.155153e-02 2.155153e-02 1.000000 0.112183 0.476679
5.338995e-01 2.155153e-02 2.155153e-02 1.000000 0.211194 0.138514
4.501343e-01 2.155153e-02 2.155153e-02 1.000000 0.604094 0.961284
2.795570e-01 2.155153e-02 2.155153e-02 1.000000 0.331853 0.987067
6.726322e-01 2.155153e-02 2.155153e-02 1.000000 0.421163 0.703500
4.895657e-01 2.155153e-02 2.155153e-02 1.000000 0.870774 0.004969
9.334697e-01 2.155153e-02 2.155153e-02 1.000000 0.505206 0.735168
9.581601e-01 2.155153e-02 2.155153e-02 1.000000 0.684674 0.919024
8.176512e-01 2.155153e-02 2.155153e-02 1.000000 0.315616 0.547997
1.347866e-01 2.155153e-02 2.155153e-02 1.000000 0.028866 0.271720
8.006215e-01 2.155153e-02 2.155153e-02 1.000000 0.041238 0.800262
1.027864e-01 2.155153e-02 2.155153e-02 1.000000 0.583306 0.064378
5.903028e-01 2.155153e-02 2.155153e-02 1.000000 0.851025 0.093399
9.155061e-02 2.155153e-02 2.155153e-02 1.000000 0.863571 0.638103
9.603069e-01 2.155153e-02 2.155153e-02 1.000000 0.269016 0.592143
1.472958e-01 2.155153e-02 2.155153e-02 1.000000 0.119448 0.717093
4.320610e-01 2.155153e-02 2.155153e-02 1.000000 0.954793 0.295521
7.882973e-01 2.155153e-02 2.155153e-02 1.000000 0.707378 0.123391
8.927423e-02 2.155153e-02 2.155153e-02 1.000000 0.999341 0.316378
4.123482e-01 2.155153e-02 2.155153e-02 1.000000 0.206830 0.759098
6.203140e-01 2.155153e-02 2.155153e-02 1.000000 0.865572 0.874683
4.053489e-01 2.155153e-02 2.155153e-02 1.000000 0.721241 0.186763
6.301389e-01 2.155153e-02 2.155153e-02 1.000000 0.224078 0.306366
6.147105e-01 2.155153e-02 2.155153e-02 1.000000 0.259586 0.487259
6.787875e-01 2.155153e-02 2.155153e-02 1.000000 0.791686 0.259753
6.122144e-01 2.155153e-02 2.155153e-02 1.000000 0.226681 0.299898
2.335748e-01 2.155153e-02 2.155153e-02 1.000000 0.311837 0.546319
8.803545e-01 2.155153e-02 2.155153e-02 1.000000 0.106838 0.149308
3.613027e-01 2.155153e-02 2.155153e-02 1.000000 0.928151 0.228707
8.101111e-01 2.155153e-02 2.155153e-02 1.000000 0.801147 0.908863
9.291251e-01 2.155153e-02 2.155153e-02 1.000000 0.081074 0.496228
9.130055e-01 2.155153e-02 2.155153e-02 1.000000 0.565831 0.715960
2.540406e-01 2.155153e-02 2.155153e-02 1.000000 0.784788 0.679838
7.704489e-01 2.155153e-02 2.155153e-02 1.000000 0.200807 0.356855
8.334578e-01 2.155153e-02 2.155153e-02 1.000000 0.947268 0.430434
8.327547e-01 2.155153e-02 2.155153e-02 1.000000 0.299513 0.686459
4.129079e-01 2.155153e-02 2.155153e-02 1.000000 0.740538 0.426860
8.115379e-01 2.155153e-02 2.155153e-02 1.000000 0.424618 0.532997
5.282409e-01 2.155153e-02 2.155153e-02 1.000000 0.739253 0.973467
2.798216e-01 2.155153e-02 2.155153e-02 1.000000 0.389030 0.209093
6.469957e-01 2.155153e-02 2.155153e-02 1.000000 0.172122 0.253692
2.829726e-01 2.155153e-02 2.155153e-02 1.000000 0.010081 0.829015
3.308686e-01 2.155153e-02 2.155153e-02 1.000000 0.258770 0.224100
5.548082e-01 2.155153e-02 2.155153e-02 1.000000 0.242270 0.222096
5.780890e-02 2.155153e-02 2.155153e-02 1.000000 0.303183 0.622011
3.992369e-01 2.155153e-02 2.155153e-02 1.000000 0.676383 0.301680
1.584733e-01 2.155153e-02 2.155153e-02 1.000000 0.051889 0.609754
6.675938e-01 2.155153e-02 2.155153e-02 1.000000 0.927562 0.777845
1.293247e-01 2.155153e-02 2.155153e-02 1.000000 0.212174 0.683896
9.075692e-02 2.155153e-02 2.155153e-02 1.000000 0.181501 0.624805
5.441353e-01 2.155153e-02 2.155153e-02 1.000000 0.090048 0.284672
6.731153e-01 2.155153e-02 2.155153e-02 1.000000 0.163220 0.561208
9.788465e-02 2.155153e-02 2.155153e-02 1.000000 0.380113 0.763268
6.698558e-01 2.155153e-02 2.155153e-02 1.000000 0.230441 0.748427
1.181907e-02 2.155153e-02 2.155153e-02 1.000000 0.941453 0.104921
1.878178e-01 2.155153e-02 2.155153e-02 1.000000 0.878802 0.729361
4.026869e-01 2.155153e-02 2.155153e-02 1.000000 0.184985 0.671507
3.023080e-01 2.155153e-02 2.155153e-02 1.000000 0.432204 0.139273
2.811663e-01 2.155153e-02 2.155153e-02 1.000000 0.563795 0.614059
9.177289e-01 2.155153e-02 2.155153e-02 1.000000 0.197744 0.297374
8.349778e-01 2.155153e-02 2.155153e-02 1.000000 0.608261 0.378292
4.119527e-01 2.155153e-02 2.155153e-02 1.000000 0.733168 0.323143
4.573750e-01 2.155153e-02 2.155153e-02 1.000000 0.010534 0.651349
3.301222e-01 2.155153e-02 2.155153e-02 1.000000 0.009837 0.460150
3.506228e-01 2.155153e-02 2.155153e-02 1.000000 0.048539 0.523696
3.342972e-01 2.155153e-02 2.155153e-02 1.000000 0.587330 0.419208
7.711266e-01 2.155153e-02 2.155153e-02 1.000000 0.829201 0.409335
8.419881e-01 2.155153e-02 2.155153e-02 1.000000 0.951680 0.706555
7.126168e-01 2.155153e-02 2.155153e-02 1.000000 0.092979 0.787558
6.873138e-01 2.155153e-02 2.155153e-02 1.000000 0.525542 0.094200
8.041736e-01 2.155153e-02 2.155153e-02 1.000000 0.464397 0.307103
2.815214e-01 2.155153e-02 2.155153e-02 1.000000 0.094226 0.649717
4.330507e-01 2.155153e-02 2.155153e-02 1.000000 0.985936 0.874852
2.617631e-01 2.155153e-02 2.155153e-02 1.000000 0.700060 0.562300
7.320961e-01 2.155153e-02 2.155153e-02 1.000000 0.241382 0.563118
6.210101e-01 2.155153e-02 2.155153e-02 1.000000 0.976669 0.469152
7.511077e-01 2.155153e-02 2.155153e-02 1.000000 0.360268 0.249991
8.066374e-01 2.155153e-02 2.155153e-02 1.000000 0.721898 0.537622
4.475862e-01 2.155153e-02 2.155153e-02 1.000000 0.818022 0.363388
9.427690e-01 2.155153e-02 2.155153e-02 1.000000 0.840227 0.654647
1.466244e-01 2.155153e-02 2.155153e-02 1.000000 0.928141 0.577134
2.099185e-01 2.155153e-02 2.155153e-02 1.000000 0.255062 0.309894
4.326872e-01 2.155153e-02 2.155153e-02 1.000000 0.583048 0.120579
4.916598e-01 2.155153e-02 2.155153e-02 1.000000 0.188131 0.404666
8.667135e-01 2.155153e-02 2.155153e-02 1.000000 0.862869 0.840322
2.599308e-01 2.155153e-02 2.155153e-02 1.000000 0.464904 0.257639
4.176414e-01 2.155153e-02 2.155153e-02 1.000000 0.282778 0.295543
2.493934e-01 2.155153e-02 2.155153e-02 1.000000 0.003785 0.460486
1.161717e-01 2.155153e-02 2.155153e-02 1.000000 0.027847 0.111758
3.716778e-01 2.155153e-02 2.155153e-02 1.000000 0.044952 0.852948
2.857271e-01 2.155153e-02 2.155153e-02 1.000000 0.207652 0.367763
7.094217e-01 2.155153e-02 2.155153e-02 1.000000 0.446799 0.445686
4.503846e-01 2.155153e-02 2.155153e-02 1.000000 0.117142 0.846962
4.051459e-01 2.155153e-02 2.155153e-02 1.000000 0.122066 0.598599
2.098900e-01 2.155153e-02 2.155153e-02 1.000000 0.582367 0.224080
5.911441e-01 2.155153e-02 2.155153e-02 1.000000 0.357923 0.488333
6.244217e-01 2.155153e-02 2.155153e-02 1.000000 0.269965 0.866212
3.633885e-01 2.155153e-02 2.155153e-02 1.000000 0.780066 0.359850
3.049933e-01 2.155153e-02 2.155153e-02 1.000000 0.132354 0.747321
5.365202e-01 2.155153e-02 2.155153e-02 1.000000 0.148330 0.139187
8.674045e-01 2.155153e-02 2.155153e-02 1.000000 0.591808 0.717487
8.406525e-01 2.155153e-02 2.155153e-02 1.000000 0.182062 0.829977
4.762052e-01 2.155153e-02 2.155153e-02 1.000000 0.028127 0.947244
9.298759e-01 2.155153e-02 2.155153e-02 1.000000 0.111393 0.983666
3.948216e-01 2.155153e-02 2.155153e-02 1.000000 0.559048 0.719661
7.264152e-01 2.155153e-02 2.155153e-02 1.000000 0.436742 0.937944
4.463116e-01 2.155153e-02 2.155153e-02 1.000000 0.835920 0.792868
2.728106e-01 2.155153e-02 2.155153e-02 1.000000 0.464830 0.735811
7.074493e-01 2.155153e-02 2.155153e-02 1.000000 0.026467 0.388701
1.748806e-01 2.155153e-02 2.155153e-02 1.000000 0.680495 0.255984
2.577228e-01 2.155153e-02 2.155153e-02 1.000000 0.797946 0.326994
3.296943e-01 2.155153e-02 2.155153e-02 1.000000 0.507511 0.014999
9.709287e-02 2.155153e-02 2.155153e-02 1.000000 0.716123 0.787179
6.057482e-01 2.155153e-02 2.155153e-02 1.000000 0.018589 0.114111
5.580856e-01 2.155153e-02 2.155153e-02 1.000000 0.885551 0.349526
6.399793e-01 2.155153e-02 2.155153e-02 1.000000 0.375259 0.160240
4.993190e-01 2.155153e-02 2.155153e-02 1.000000 0.229760 0.130133
6.764818e-01 2.155153e-02 2.155153e-02 1.000000 0.740261 0.933821
5.476270e-01 2.155153e-02 2.155153e-02 1.000000 0.846999 0.890385
4.851132e-01 2.155153e-02 2.155153e-02 1.000000 0.405550 0.072654
6.927169e-01 2.155153e-02 2.155153e-02 1.000000 0.134415 0.673315
8.979825e-01 2.155153e-02 2.155153e-02 1.000000 0.728314 0.052784
8.592534e-01 2.155153e-02 2.155153e-02 1.000000 0.831904 0.726452
2.154447e-01 2.155153e-02 2.155153e-02 1.000000 0.541888 0.278818
5.229309e-01 2.155153e-02 2.155153e-02 1.000000 0.831515 0.207063
6.864685e-02 2.155153e-02 2.155153e-02 1.000000 0.148873 0.939756
5.999644e-01 2.155153e-02 2.155153e-02 1.000000 0.853492 0.803731
8.941533e-01 2.155153e-02 2.155153e-02 1.000000 0.929607 0.954713
2.183085e-01 2.155153e-02 2.155153e-02 1.000000 0.963662 0.686675
2.746210e-01 2.155153e-02 2.155153e-02 1.000000 0.803818 0.688365
4.505225e-01 2.155153e-02 2.155153e-02 1.000000 0.998453 0.928835
9.841374e-01 2.155153e-02 2.155153e-02 1.000000 0.443042 0.782307
6.140015e-01 2.155153e-02 2.155153e-02 1.000000 0.615069 0.801846
1.768984e-01 2.155153e-02 2.155153e-02 1.000000 0.992414 0.296806
7.657778e-02 2.155153e-02 2.155153e-02 1.000000 0.933968 0.336250
1.123626e-01 2.155153e-02 2.155153e-02 1.000000 0.673612 0.903326
3.243492e-01 2.155153e-02 2.155153e-02 1.000000 0.150614 0.996880
6.875701e-01 2.155153e-02 2.155153e-02 1.000000 0.232992 0.921277
8.043114e-01 2.155153e-02 2.155153e-02 1.000000 0.800244 0.026885
5.442493e-01 2.155153e-02 2.155153e-02 1.000000 0.456557 0.979862
3.903104e-01 2.155153e-02 2.155153e-02 1.000000 0.681546 0.903184
5.485157e-02 2.155153e-02 2.155153e-02 1.000000 0.298120 0.273146
9.819956e-01 2.155153e-02 2.155153e-02 1.000000 0.550524 0.258453
1.488175e-01 2.155153e-02 2.155153e-02 1.000000 0.827874 0.332973
5.800832e-01 2.155153e-02 2.155153e-02 1.000000 0.644576 0.404560
7.377666e-01 2.155153e-02 2.155153e-02 1.000000 0.531317 0.245226
8.211067e-01 2.155153e-02 2.155153e-02 1.000000 0.782416 0.530501
7.845529e-01 2.155153e-02 2.155153e-02 1.000000 0.050072 0.583446
7.308713e-01 2.155153e-02 2.155153e-02 1.000000 0.267561 0.064346
6.851156e-01 2.155153e-02 2.155153e-02 1.000000 0.702117 0.980894
1.710790e-01 2.155153e-02 2.155153e-02 1.000000 0.474093 0.763651
8.827834e-01 2.155153e-02 2.155153e-02 1.000000 0.681849 0.241958
9.460251e-01 2.155153e-02 2.155153e-02 1.000000 0.870217 0.065989
1.953449e-01 2.155153e-02 2.155153e-02 1.000000 0.896215 0.962130
5.929851e-02 2.155153e-02 2.155153e-02 1.000000 0.893624 0.756670
6.714931e-01 2.155153e-02 2.155153e-02 1.000000 0.462788 0.834087
2.119889e-01 2.155153e-02 2.155153e-02 1.000000 0.824201 0.956158
1.092717e-01 2.155153e-02 2.155153e-02 1.000000 0.585501 0.457908
2.547327e-01 2.155153e-02 2.155153e-02 1.000000 0.094732 0.229295
4.659158e-01 2.155153e-02 2.155153e-02 1.000000 0.419167 0.131909
8.523751e-01 2.155153e-02 2.155153e-02 1.000000 0.423697 0.989323
9.962565e-01 2.155153e-02 2.155153e-02 1.000000 0.755470 0.042500
5.634157e-01 2.155153e-02 2.155153e-02 1.000000 0.694620 0.022484
4.599904e-01 2.155153e-02 2.155153e-02 1.000000 0.738823 0.744358
2.688688e-01 2.155153e-02 2.155153e-02 1.000000 0.491352 0.189524
6.529290e-01 2.155153e-02 2.155153e-02 1.000000 0.659757 0.510246
8.022051e-01 2.155153e-02 2.155153e-02 1.000000 0.040422 0.706120
4.529318e-01 2.155153e-02 2.155153e-02 1.000000 0.421197 0.429032
7.656381e-01 2.155153e-02 2.155153e-02 1.000000 0.284383 0.780418
9.822902e-01 2.155153e-02 2.155153e-02 1.000000 0.484979 0.360524
1.706357e-01 2.155153e-02 2.155153e-02 1.000000 0.655503 0.324085
2.882809e-01 2.155153e-02 2.155153e-02 1.000000 0.830816 0.827581
9.401628e-01 2.155153e-02 2.155153e-02 1.000000 0.119715 0.431820
6.303660e-02 2.155153e-02 2.155153e-02 1.000000 0.872731 0.332958
9.421458e-01 2.155153e-02 2.155153e-02 1.000000 0.103355 0.028825
1.900039e-01 2.155153e-02 2.155153e-02 1.000000 0.670797 0.804346
1.892164e-02 2.155153e-02 2.155153e-02 1.000000 0.470275 0.709954
4.739481e-01 2.155153e-02 2.155153e-02 1.000000 0.182268 0.097403
2.652011e-01 2.155153e-02 2.155153e-02 1.000000 0.968647 0.453865
4.946679e-01 2.155153e-02 2.155153e-02 1.000000 0.605049 0.464623
4.323281e-01 2.155153e-02 2.155153e-02 1.000000 0.542150 0.807401
8.404700e-01 2.155153e-02 2.155153e-02 1.000000 0.307670 0.365376
3.819791e-01 2.155153e-02 2.155153e-02 1.000000 0.803833 0.805712
3.114377e-01 2.155153e-02 2.155153e-02 1.000000 0.756299 0.923366
7.801235e-01 2.155153e-02 2.155153e-02 1.000000 0.392284 0.452662
2.467088e-01 2.155153e-02 2.155153e-02 1.000000 0.538826 0.306378
3.696939e-01 2.155153e-02 2.155153e-02 1.000000 0.705543 0.605358
4.832592e-01 2.155153e-02 2.155153e-02 1.000000 0.837467 0.874988
5.748580e-01 2.155153e-02 2.155153e-02 1.000000 0.379320 0.576872
9.644877e-01 2.155153e-02 2.155153e-02 1.000000 0.966280 0.011187
3.898476e-01 2.155153e-02 2.155153e-02 1.000000 0.961543 0.642070
3.697024e-01 2.155153e-02 2.155153e-02 1.000000 0.230745 0.956532
6.357744e-01 2.155153e-02 2.155153e-02 1.000000 0.578154 0.007123
2.073144e-01 2.155153e-02 2.155153e-02 1.000000 0.713071 0.695240
3.117709e-01 2.155153e-02 2.155153e-02 1.000000 0.846243 0.779744
9.828550e-01 2.155153e-02 2.155153e-02 1.000000 0.950523 0.999363
5.067753e-01 2.155153e-02 2.155153e-02 1.000000 0.667166 0.799329
4.752144e-01 2.155153e-02 2.155153e-02 1.000000 0.259298 0.567522
9.651913e-01 2.155153e-02 2.155153e-02 1.000000 0.079058 0.606324
8.646342e-01 2.155153e-02 2.155153e-02 1.000000 0.915988 0.660502
4.880285e-01 2.155153e-02 2.155153e-02 1.000000 0.513098 0.175920
4.450398e-01 2.155153e-02 2.155153e-02 1.000000 0.929993 0.198717
1.803424e-01 2.155153e-02 2.155153e-02 1.000000 0.538523 0.174640
4.100095e-01 2.155153e-02 2.155153e-02 1.000000 0.670369 0.968723
3.046622e-01 2.155153e-02 2.155153e-02 1.000000 0.089273 0.039416
6.118251e-01 2.155153e-02 2.155153e-02 1.000000 0.017836 0.753919
5.985556e-01 2.155153e-02 2.155153e-02 1.000000 0.875290 0.387902
4.530592e-01 2.155153e-02 2.155153e-02 1.000000 0.109995 0.925099
7.449482e-01 2.155153e-02 2.155153e-02 1.000000 0.220559 0.765616
4.494438e-01 2.155153e-02 2.155153e-02 1.000000 0.085338 0.727271
3.910840e-01 2.155153e-02 2.155153e-02 1.000000 0.315184 0.766814
6.429305e-01 2.155153e-02 2.155153e-02 1.000000 0.147977 0.379370
4.610943e-01 2.155153e-02 2.155153e-02 1.000000 0.437731 0.258403
7.232624e-01 2.155153e-02 2.155153e-02 1.000000 0.565317 0.505023
9.154893e-02 2.155153e-02 2.155153e-02 1.000000 0.998151 0.594131
2.191400e-01 2.155153e-02 2.155153e-02 1.000000 0.029064 0.771592
1.790036e-01 2.155153e-02 2.155153e-02 1.000000 0.334161 0.616955
3.453910e-01 2.155153e-02 2.155153e-02 1.000000 0.929302 0.719543
4.132190e-01 2.155153e-02 2.155153e-02 1.000000 0.887064 0.676694
1.245661e-01 2.155153e-02 2.155153e-02 1.000000 0.329538 0.538949
2.747539e-02 2.155153e-02 2.155153e-02 1.000000 0.135190 0.567205
9.123829e-01 2.155153e-02 2.155153e-02 1.000000 0.934838 0.005061
7.736771e-01 2.155153e-02 2.155153e-02 1.000000 0.190680 0.147819
9.940388e-01 2.155153e-02 2.155153e-02 1.000000 0.499371 0.790146
9.183925e-02 2.155153e-02 2.155153e-02 1.000000 0.968876 0.717364
2.102657e-01 2.155153e-02 2.155153e-02 1.000000 0.747910 0.369312
2.683881e-01 2.155153e-02 2.155153e-02 1.000000 0.954068 0.687735
8.648916e-01 2.155153e-02 2.155153e-02 1.000000 0.543112 0.901974
1.188406e-01 2.155153e-02 2.155153e-02 1.000000 0.592202 0.632796
7.114743e-01 2.155153e-02 2.155153e-02 1.000000 0.638876 0.775798
9.129895e-01 2.155153e-02 2.155153e-02 1.000000 0.503101 0.992560
1.808370e-01 2.155153e-02 2.155153e-02 1.000000 0.954755 0.876720
6.479686e-01 2.155153e-02 2.155153e-02 1.000000 0.651368 0.577004
2.621009e-01 2.155153e-02 2.155153e-02 1.000000 0.222815 0.375059
6.661174e-01 2.155153e-02 2.155153e-02 1.000000 0.629458 0.208633
2.240363e-02 2.155153e-02 2.155153e-02 1.000000 0.427079 0.314852
3.713060e-02 2.155153e-02 2.155153e-02 1.000000 0.779857 0.451992
3.446258e-01 2.155153e-02 2.155153e-02 1.000000 0.960838 0.523023
3.912363e-01 2.155153e-02 2.155153e-02 1.000000 0.221291 0.696214
2.365584e-01 2.155153e-02 2.155153e-02 1.000000 0.717909 0.488855
9.311029e-01 2.155153e-02 2.155153e-02 1.000000 0.960134 0.326972
9.121901e-01 2.155153e-02 2.155153e-02 1.000000 0.127000 0.297300
9.526304e-01 2.155153e-02 2.155153e-02 1.000000 0.278646 0.056585
7.422588e-01 2.155153e-02 2.155153e-02 1.000000 0.481899 0.579101
1.116920e-01 2.155153e-02 2.155153e-02 1.000000 0.181915 0.961068
4.825383e-02 2.155153e-02 2.155153e-02 1.000000 0.183831 0.982117
4.229390e-01 2.155153e-02 2.155153e-02 1.000000 0.605595 0.597370
1.274464e-01 2.155153e-02 2.155153e-02 1.000000 0.901754 0.143568
8.847216e-01 2.155153e-02 2.155153e-02 1.000000 0.302249 0.258417
5.825100e-01 2.155153e-02 2.155153e-02 1.000000 0.027340 0.597538
8.310959e-01 2.155153e-02 2.155153e-02 1.000000 0.622271 0.010906
8.176556e-01 2.155153e-02 2.155153e-02 1.000000 0.180214 0.169811
1.927052e-01 2.155153e-02 2.155153e-02 1.000000 0.557012 0.350257
9.561784e-02 2.155153e-02 2.155153e-02 1.000000 0.150585 0.975004
3.733647e-01 2.155153e-02 2.155153e-02 1.000000 0.608578 0.225780
4.267150e-01 2.155153e-02 2.155153e-02 1.000000 0.729782 0.044486
3.704240e-01 2.155153e-02 2.155153e-02 1.000000 0.733041 0.171839
1.257229e-01 2.155153e-02 2.155153e-02 1.000000 0.670144 0.502808
3.568243e-01 2.155153e-02 2.155153e-02 1.000000 0.592372 0.773469
7.604125e-01 2.155153e-02 2.155153e-02 1.000000 0.505672 0.405492
5.532945e-01 2.155153e-02 2.155153e-02 1.000000 0.782286 0.596729
2.772685e-01 2.155153e-02 2.155153e-02 1.000000 0.450966 0.007390
2.451324e-01 2.155153e-02 2.155153e-02 1.000000 0.231450 0.583458
4.035473e-01 2.155153e-02 2.155153e-02 1.000000 0.868920 0.745274
5.998328e-01 2.155153e-02 2.155153e-02 1.000000 0.943448 0.522074
7.800616e-01 2.155153e-02 2.155153e-02 1.000000 0.313147 0.761546
3.330208e-01 2.155153e-02 2.155153e-02 1.000000 0.515605 0.605428
4.464707e-01 2.155153e-02 2.155153e-02 1.000000 0.143223 0.064153
2.514555e-01 2.155153e-02 2.155153e-02 1.000000 0.277003 0.348526
5.320437e-01 2.155153e-02 2.155153e-02 1.000000 0.470655 0.802514
7.526657e-01 2.155153e-02 2.155153e-02 1.000000 0.936464 0.516930
7.371506e-01 2.155153e-02 2.155153e-02 1.000000 0.691973 0.458153
5.631372e-01 2.155153e-02 2.155153e-02 1.000000 0.847324 0.355317
2.293670e-01 2.155153e-02 2.155153e-02 1.000000 0.434699 0.530704
1.763668e-02 2.155153e-02 2.155153e-02 1.000000 0.119666 0.333089
3.200554e-03 2.155153e-02 2.155153e-02 1.000000 0.993551 0.883996
8.373430e-01 2.155153e-02 2.155153e-02 1.000000 0.833003 0.962546
4.526377e-01 2.155153e-02 2.155153e-02 1.000000 0.398312 0.797152
2.072591e-01 2.155153e-02 2.155153e-02 1.000000 0.048317 0.089801
7.865896e-01 2.155153e-02 2.155153e-02 1.000000 0.112433 0.827631
5.452222e-01 2.155153e-02 2.155153e-02 1.000000 0.448470 0.503543
2.213932e-01 2.155153e-02 2.155153e-02 1.000000 0.872688 0.515411
7.645738e-01 2.155153e-02 2.155153e-02 1.000000 0.151986 0.663219
1.211066e-01 2.155153e-02 2.155153e-02 1.000000 0.566141 0.161720
7.097182e-01 2.155153e-02 2.155153e-02 1.000000 0.090155 0.469924
7.654296e-01 2.155153e-02 2.155153e-02 1.000000 0.762802 0.402212
6.644679e-01 2.155153e-02 2.155153e-02 1.000000 0.458238 0.364088
8.582672e-01 2.155153e-02 2.155153e-02 1.000000 0.302826 0.143632
2.762180e-01 2.155153e-02 2.155153e-02 1.000000 0.872361 0.846332
6.313581e-01 2.155153e-02 2.155153e-02 1.000000 0.162447 0.463977
5.053538e-01 2.155153e-02 2.155153e-02 1.000000 0.386691 0.533470
9.848879e-01 2.155153e-02 2.155153e-02 1.000000 0.509549 0.806597
1.835264e-01 2.155153e-02 2.155153e-02 1.000000 0.727354 0.451265
3.108698e-01 2.155153e-02 2.155153e-02 1.000000 0.074592 0.699769
6.849301e-01 2.155153e-02 2.155153e-02 1.000000 0.419376 0.042408
2.645538e-01 2.155153e-02 2.155153e-02 1.000000 0.608612 0.729356
7.783398e-02 2.155153e-02 2.155153e-02 1.000000 0.224338 0.563177
2.089070e-01 2.155153e-02 2.155153e-02 1.000000 0.978505 0.436875
8.421981e-02 2.155153e-02 2.155153e-02 1.000000 0.637753 0.177681
4.419382e-01 2.155153e-02 2.155153e-02 1.000000 0.121712 0.483859
1.678877e-02 2.155153e-02 2.155153e-02 1.000000 0.152362 0.772673
1.596571e-01 2.155153e-02 2.155153e-02 1.000000 0.555092 0.451527
6.773177e-01 2.155153e-02 2.155153e-02 1.000000 0.351154 0.999557
4.426228e-01 2.155153e-02 2.155153e-02 1.000000 0.712223 0.456166
5.612018e-02 2.155153e-02 2.155153e-02 1.000000 0.414567 0.749241
4.313969e-01 2.155153e-02 2.155153e-02 1.000000 0.807220 0.820150
6.625158e-01 2.155153e-02 2.155153e-02 1.000000 0.144064 0.851793
9.755071e-01 2.155153e-02 2.155153e-02 1.000000 0.920941 0.737686
2.672847e-01 2.155153e-02 2.155153e-02 1.000000 0.200150 0.641799
3.880791e-01 2.155153e-02 2.155153e-02 1.000000 0.477124 0.715972
3.016180e-01 2.155153e-02 2.155153e-02 1.000000 0.555889 0.840774
6.169527e-01 2.155153e-02 2.155153e-02 1.000000 0.394092 0.323434
3.590270e-01 2.155153e-02 2.155153e-02 1.000000 0.536258 0.435022
1.660547e-01 2.155153e-02 2.155153e-02 1.000000 0.122958 0.725525
8.340027e-01 2.155153e-02 2.155153e-02 1.000000 0.768083 0.980507
4.942391e-01 2.155153e-02 2.155153e-02 1.000000 0.278571 0.291482
8.575836e-01 2.155153e-02 2.155153e-02 1.000000 0.786002 0.716501
8.505132e-01 2.155153e-02 2.155153e-02 1.000000 0.274822 0.750825
8.003530e-01 2.155153e-02 2.155153e-02 1.000000 0.869058 0.188134
5.389318e-01 2.155153e-02 2.155153e-02 1.000000 0.153174 0.373398
5.288521e-01 2.155153e-02 2.155153e-02 1.000000 0.418977 0.863230
4.155514e-01 2.155153e-02 2.155153e-02 1.000000 0.665160 0.144050
4.520862e-01 2.155153e-02 2.155153e-02 1.000000 0.148800 0.955118
9.386143e-01 2.155153e-02 2.155153e-02 1.000000 0.951066 0.845354
8.559120e-01 2.155153e-02 2.155153e-02 1.000000 0.927706 0.397123
1.227706e-01 2.155153e-02 2.155153e-02 1.000000 0.031647 0.272538
6.114097e-02 2.155153e-02 2.155153e-02 1.000000 0.697360 0.154351
4.979145e-01 2.155153e-02 2.155153e-02 1.000000 0.225662 0.951646
8.960232e-02 2.155153e-02 2.155153e-02 1.000000 0.684745 0.259855
8.488393e-01 2.155153e-02 2.155153e-02 1.000000 0.430193 0.913340
6.482508e-01 2.155153e-02 2.155153e-02 1.000000 0.692621 0.081619
9.815308e-01 2.155153e-02 2.155153e-02 1.000000 0.523747 0.600763
2.296496e-01 2.155153e-02 2.155153e-02 1.000000 0.402029 0.282829
3.752343e-01 2.155153e-02 2.155153e-02 1.000000 0.903973 0.736105
8.495487e-01 2.155153e-02 2.155153e-02 1.000000 0.796002 0.309856
3.769951e-01 2.155153e-02 2.155153e-02 1.000000 0.754600 0.445674
9.892132e-01 2.155153e-02 2.155153e-02 1.000000 0.987337 0.875146
4.566327e-01 2.155153e-02 2.155153e-02 1.000000 0.556040 0.482126
5.489082e-01 2.155153e-02 2.155153e-02 1.000000 0.571055 0.287662
4.214032e-01 2.155153e-02 2.155153e-02 1.000000 0.159042 0.252171
9.644923e-01 2.155153e-02 2.155153e-02 1.000000 0.466234 0.163917
4.336107e-02 2.155153e-02 2.155153e-02 1.000000 0.929344 0.610828
2.763420e-01 2.155153e-02 2.155153e-02 1.000000 0.867669 0.647801
1.890030e-01 2.155153e-02 2.155153e-02 1.000000 0.632552 0.259932
4.097722e-01 2.155153e-02 2.155153e-02 1.000000 0.213371 0.153831
4.698683e-02 2.155153e-02 2.155153e-02 1.000000 0.092422 0.357205
1.341465e-01 2.155153e-02 2.155153e-02 1.000000 0.402747 0.770020
1.099582e-01 2.155153e-02 2.155153e-02 1.000000 0.081103 0.814431
1.312174e-01 2.155153e-02 2.155153e-02 1.000000 0.475280 0.161282
5.055191e-01 2.155153e-02 2.155153e-02 1.000000 0.831710 0.225198
3.501388e-01 2.155153e-02 2.155153e-02 1.000000 0.524943 0.551623
8.698772e-01 2.155153e-02 2.155153e-02 1.000000 0.648772 0.609073
8.826746e-01 2.155153e-02 2.155153e-02 1.000000 0.623777 0.140905
2.602406e-01 2.155153e-02 2.155153e-02 1.000000 0.702028 0.786222
8.109634e-01 2.155153e-02 2.155153e-02 1.000000 0.017040 0.928923
7.073115e-01 2.155153e-02 2.155153e-02 1.000000 0.359308 0.614240
5.241734e-01 2.155153e-02 2.155153e-02 1.000000 0.349415 0.909560
7.698018e-01 2.155153e-02 2.155153e-02 1.000000 0.492861 0.610681
8.649486e-01 2.155153e-02 2.155153e-02 1.000000 0.154267 0.194033
9.568130e-01 2.155153e-02 2.155153e-02 1.000000 0.521224 0.125436
5.306190e-01 2.155153e-02 2.155153e-02 1.000000 0.726382 0.184663
4.197008e-01 2.155153e-02 2.155153e-02 1.000000 0.799306 0.900356
5.514290e-01 2.155153e-02 2.155153e-02 1.000000 0.771298 0.611847
4.962682e-01 2.155153e-02 2.155153e-02 1.000000 0.625050 0.659504
5.925285e-01 2.155153e-02 2.155153e-02 1.000000 0.898559 0.300119
4.344242e-01 2.155153e-02 2.155153e-02 1.000000 0.139465 0.966562
4.344683e-01 2.155153e-02 2.155153e-02 1.000000 0.477142 0.354665
6.388549e-01 2.155153e-02 2.155153e-02 1.000000 0.103489 0.017548
6.940575e-01 2.155153e-02 2.155153e-02 1.000000 0.780079 0.194212
2.056137e-01 2.155153e-02 2.155153e-02 1.000000 0.735750 0.826064
6.892053e-02 2.155153e-02 2.155153e-02 1.000000 0.969530 0.383259
8.061349e-01 2.155153e-02 2.155153e-02 1.000000 0.498914 0.310421
2.527459e-01 2.155153e-02 2.155153e-02 1.000000 0.143687 0.371971
6.971505e-01 2.155153e-02 2.155153e-02 1.000000 0.252087 0.772499
1.196284e-01 2.155153e-02 2.155153e-02 1.000000 0.154842 0.877643
3.233718e-01 2.155153e-02 2.155153e-02 1.000000 0.139430 0.059098
4.580907e-01 2.155153e-02 2.155153e-02 1.000000 0.532422 0.649031
1.195701e-01 2.155153e-02 2.155153e-02 1.000000 0.442060 0.655591
1.446684e-01 2.155153e-02 2.155153e-02 1.000000 0.374084 0.927423
9.037338e-02 2.155153e-02 2.155153e-02 1.000000 0.901358 0.397146
9.681054e-01 2.155153e-02 2.155153e-02 1.000000 0.339473 0.635439
8.012801e-01 2.155153e-02 2.155153e-02 1.000000 0.862404 0.890296
6.084066e-01 2.155153e-02 2.155153e-02 1.000000 0.492845 0.472235
8.232200e-01 2.155153e-02 2.155153e-02 1.000000 0.919735 0.996999
9.634363e-01 2.155153e-02 2.155153e-02 1.000000 0.003362 0.950237
2.076364e-01 2.155153e-02 2.155153e-02 1.000000 0.554907 0.194158
2.960618e-01 2.155153e-02 2.155153e-02 1.000000 0.547008 0.030594
5.647638e-02 2.155153e-02 2.155153e-02 1.000000 0.451606 0.173985
7.662448e-01 2.155153e-02 2.155153e-02 1.000000 0.610898 0.932671
1.875716e-01 2.155153e-02 2.155153e-02 1.000000 0.717413 0.762681
6.523540e-02 2.155153e-02 2.155153e-02 1.000000 0.327862 0.018299
9.829900e-01 2.155153e-02 2.155153e-02 1.000000 0.471446 0.051780
9.616989e-01 2.155153e-02 2.155153e-02 1.000000 0.546661 0.560084
4.552242e-01 2.155153e-02 2.155153e-02 1.000000 0.936439 0.230866
2.935285e-01 2.155153e-02 2.155153e-02 1.000000 0.563801 0.506999
2.080499e-01 2.155153e-02 2.155153e-02 1.000000 0.831934 0.877507
2.793200e-01 2.155153e-02 2.155153e-02 1.000000 0.063765 0.557644
2.472693e-01 2.155153e-02 2.155153e-02 1.000000 0.038718 0.091454
6.792595e-01 2.155153e-02 2.155153e-02 1.000000 0.312830 0.590645
4.522387e-01 2.155153e-02 2.155153e-02 1.000000 0.992595 0.080079
9.923435e-03 2.155153e-02 2.155153e-02 1.000000 0.074620 0.493332
1.441791e-01 2.155153e-02 2.155153e-02 1.000000 0.560779 0.146556
2.866262e-02 2.155153e-02 2.155153e-02 1.000000 0.849720 0.014157
8.288670e-01 2.155153e-02 2.155153e-02 1.000000 0.037266 0.728352
7.098051e-01 2.155153e-02 2.155153e-02 1.000000 0.653048 0.447930
2.762974e-01 2.155153e-02 2.155153e-02 1.000000 0.618371 0.880422
7.269082e-02 2.155153e-02 2.155153e-02 1.000000 0.200261 0.727216
8.571849e-01 2.155153e-02 2.155153e-02 1.000000 0.630574 0.756143
6.949421e-01 2.155153e-02 2.155153e-02 1.000000 0.302943 0.001297
5.194521e-01 2.155153e-02 2.155153e-02 1.000000 0.538729 0.734403
8.275642e-02 2.155153e-02 2.155153e-02 1.000000 0.334012 0.577969
9.320463e-01 2.155153e-02 2.155153e-02 1.000000 0.860329 0.465721
4.481166e-01 2.155153e-02 2.155153e-02 1.000000 0.869454 0.316927
9.940586e-01 2.155153e-02 2.155153e-02 1.000000 0.083372 0.281604
8.481566e-01 2.155153e-02 2.155153e-02 1.000000 0.533862 0.473878
3.382478e-01 2.155153e-02 2.155153e-02 1.000000 0.179977 0.693334
8.129018e-01 2.155153e-02 2.155153e-02 1.000000 0.758058 0.820233
4.320752e-01 2.155153e-02 2.155153e-02 1.000000 0.469385 0.111033
9.244896e-01 2.155153e-02 2.155153e-02 1.000000 0.343240 0.035959
7.506015e-01 2.155153e-02 2.155153e-02 1.000000 0.785854 0.123145
6.150081e-01 2.155153e-02 2.155153e-02 1.000000 0.666165 0.486461
2.440088e-01 2.155153e-02 2.155153e-02 1.000000 0.469895 0.337268
4.156773e-01 2.155153e-02 2.155153e-02 1.000000 0.891364 0.019039
7.334808e-01 2.155153e-02 2.155153e-02 1.000000 0.047475 0.504139
2.688885e-01 2.155153e-02 2.155153e-02 1.000000 0.582358 0.382962
8.212192e-01 2.155153e-02 2.155153e-02 1.000000 0.967161 0.074744
9.282972e-02 2.155153e-02 2.155153e-02 1.000000 0.775854 0.305732
9.458620e-01 2.155153e-02 2.155153e-02 1.000000 0.688955 0.090998
6.440891e-01 2.155153e-02 2.155153e-02 1.000000 0.235582 0.166066
2.378658e-01 2.155153e-02 2.155153e-02 1.000000 0.407599 0.420095
6.252523e-01 2.155153e-02 2.155153e-02 1.000000 0.701953 0.112095
2.131309e-02 2.155153e-02 2.155153e-02 1.000000 0.997007 0.257313
5.034122e-01 2.155153e-02 2.155153e-02 1.000000 0.189903 0.665616
6.233128e-01 2.155153e-02 2.155153e-02 1.000000 0.885833 0.998122
5.988244e-01 2.155153e-02 2.155153e-02 1.000000 0.121883 0.014717
5.343543e-01 2.155153e-02 2.155153e-02 1.000000 0.291059 0.471657
1.196266e-01 2.155153e-02 2.155153e-02 1.000000 0.111505 0.861346
9.165480e-01 2.155153e-02 2.155153e-02 1.000000 0.546777 0.775523
2.393378e-02 2.155153e-02 2.155153e-02 1.000000 0.645304 0.988654
1.824512e-01 2.155153e-02 2.155153e-02 1.000000 0.520314 0.566193
1.501872e-01 2.155153e-02 2.155153e-02 1.000000 0.535032 0.240326
4.805077e-01 2.155153e-02 2.155153e-02 1.000000 0.229260 0.364221
3.538908e-01 2.155153e-02 2.155153e-02 1.000000 0.888210 0.260897
3.184806e-01 2.155153e-02 2.155153e-02 1.000000 0.093754 0.246428
6.381450e-01 2.155153e-02 2.155153e-02 1.000000 0.726666 0.018926
7.580928e-01 2.155153e-02 2.155153e-02 1.000000 0.516566 0.924313
3.321203e-01 2.155153e-02 2.155153e-02 1.000000 0.277280 0.494068
8.174738e-01 2.155153e-02 2.155153e-02 1.000000 0.105933 0.063095
3.286315e-01 2.155153e-02 2.155153e-02 1.000000 0.314743 0.186574
8.354180e-02 2.155153e-02 2.155153e-02 1.000000 0.553043 0.793262
9.546795e-01 2.155153e-02 2.155153e-02 1.000000 0.506449 0.656727
3.425103e-01 