3
999 2
0 999
0.1050328658033044 0.05251643290165221
1 0 0 0 1 0 0 0 1 
T T T 
0.9897308173015744 0.3800612892676026 0.8909613327795805 0.1050328658033044
0.446190707379839 0.3229432656706326 0.5167735051256489 0.1050328658033044
0.7186626794575561 0.7659763696463031 0.5741454268855108 0.1050328658033044
0.4982205300004698 0.443046411451666 0.6790851110645137 0.1050328658033044
0.1568525613466039 0.446884667933872 0.3130697021804003 0.1050328658033044
0.9983449753693663 0.227006094976243 0.6702214957085773 0.1050328658033044
0.9698726235282792 0.2250843925072879 0.9885361917801636 0.1050328658033044
0.9639569417326892 0.4181491635141881 0.7852099971327184 0.1050328658033044
0.01252549438274978 0.2904842225936016 0.2670779517487228 0.1050328658033044
0.4570995339773446 0.8887833812105835 0.9762604442326078 0.1050328658033044
0.6192611642654752 0.812092907208263 0.351619146181711 0.1050328658033044
0.3324296134752998 0.1773965425129623 0.7909170855333271 0.1050328658033044
0.2954585703048307 0.0009594953619164189 0.2912896274702323 0.1050328658033044
0.343496805994452 0.571378903994725 0.06859341876504398 0.1050328658033044
0.3462851530584664 0.8163635669209525 0.7905651024580295 0.1050328658033044
0.900372896439203 0.09780481424781465 0.9329646375538647 0.1050328658033044
0.3906605978278151 0.9564611409669745 0.02862193656465454 0.1050328658033044
0.2384863117108692 0.6528050981820531 0.7526432638012515 0.1050328658033044
0.06241625084097231 0.6081968431175168 0.6425874995017086 0.1050328658033044
0.4013737097700958 0.4819559935705495 0.06097552090401227 0.1050328658033044
0.7124642687992486 0.6047207207282849 0.1669342617971286 0.1050328658033044
0.1014831642272205 0.7292782293080465 0.1249212411857335 0.1050328658033044
0.7432317929920279 0.7672492838042633 0.6816336332791867 0.1050328658033044
0.003362616618833443 0.06337456892525475 0.3320720968347133 0.1050328658033044
0.8844239061927476 0.4582574599997069 0.3136425027394476 0.1050328658033044
0.04826531024086199 0.5260783534761287 0.7712509338430155 0.1050328658033044
0.3496551893025072 0.4769218347235693 0.4444495066065357 0.1050328658033044
0.4200866275514916 0.750145436148566 0.6935258660035722 0.1050328658033044
0.9086473098551174 0.9702112047144082 0.6475526882929462 0.1050328658033044
0.472678162785551 0.9491836506641412 0.7096383462780889 0.1050328658033044
0.637165777051501 0.6886705623584726 0.01001475897951108 0.1050328658033044
0.183487916899948 0.4359984950747781 0.05417216285783437 0.1050328658033044
0.8816734562270754 0.5000565556833706 0.6820958944203835 0.1050328658033044
0.8747273062047309 0.9151275105278249 0.8137967857605017 0.1050328658033044
0.230938902504383 0.3679835524568243 0.8912177988425525 0.1050328658033044
0.05636682492181982 0.9490399592736737 0.49791406151432 0.1050328658033044
0.5204011910716666 0.8855018170875416 0.7799418855731713 0.1050328658033044
0.1874136502319115 0.8176889979248656 0.6399602927455471 0.1050328658033044
0.5617784201902638 0.184154734558956 0.6600826074904044 0.1050328658033044
0.8543379214631197 0.6898437640199684 0.1872063482870188 0.1050328658033044
0.9112640107318701 0.06906441410282842 0.05241452646757274 0.1050328658033044
0.4096012304925506 0.7686362731965453 0.4967823167494949 0.1050328658033044
0.4526522543139802 0.8634099033788547 0.5312336378297718 0.1050328658033044
0.2715979421717442 0.5482420141973932 0.4541266203102738 0.1050328658033044
0.8741923049463175 0.9468439452437006 0.2149799535098881 0.1050328658033044
0.3695379570187095 0.04410916047232166 0.4635956230130696 0.1050328658033044
0.4949223557615609 0.09232701418869603 0.8163499451199556 0.1050328658033044
0.9450298671882296 0.6433175601705227 0.2327812946731208 0.1050328658033044
0.5712793982072411 0.1312665323624999 0.5255130759894925 0.1050328658033044
0.1708005122989626 0.319234740104923 0.2263014746641262 0.1050328658033044
0.4450365728668838 0.05691097852035088 0.3614151214696958 0.1050328658033044
0.1007853338313496 0.4934319895272729 0.02140856247815316 0.1050328658033044
0.2377097045046479 0.3096898371164861 0.8027985206234906 0.1050328658033044
0.6916756907218046 0.8663417013703311 0.4304192014257871 0.1050328658033044
0.5163008251759775 0.486478910098599 0.2947141029329921 0.1050328658033044
0.8099640353627751 0.6324654409254543 0.7972422622300457 0.1050328658033044
0.389116709047541 0.3731083856972282 0.443794683999387 0.1050328658033044
0.5012978527889211 0.9161156028404733 0.8809483090586031 0.1050328658033044
0.04076690852019639 0.9822499876492748 0.6960570412857864 0.1050328658033044
0.2804309463929873 0.8068547568507364 0.3494353580234403 0.1050328658033044
0.5270668200748657 0.9360501290481639 0.5546963199365086 0.1050328658033044
0.4962713428231468 0.1127744401016691 0.1901052606548038 0.1050328658033044
0.5430194827178761 0.6713198271093552 0.07019102737194352 0.1050328658033044
0.4958383304957308 0.3457759267481779 0.8264388004414046 0.1050328658033044
0.3415463577915821 0.4774731018876653 0.3385756366435617 0.1050328658033044
0.2369390423388416 0.5855884655366936 0.5514829824849244 0.1050328658033044
0.2918059350180015 0.6915577872602255 0.06297302711092663 0.1050328658033044
0.4465771187743679 0.1564228016319048 0.7036454010963639 0.1050328658033044
0.2610585778389501 0.1604994456761683 0.310614658766061 0.1050328658033044
0.81696589265618 0.8101297345006873 0.6192161195254677 0.1050328658033044
0.4502011018356972 0.5204908753290652 0.4837372600817749 0.1050328658033044
0.08998282690550762 0.7842188436031655 0.6640346473524238 0.1050328658033044
0.5582779778932438 0.7954867478723372 0.4542815815441016 0.1050328658033044
0.8772725936996619 0.09633540281788179 0.8272678366865505 0.1050328658033044
0.7158347281141952 0.4948422710290218 0.442807238542232 0.1050328658033044
0.6471146701347105 0.7988312005349345 0.993562100440625 0.1050328658033044
0.4138226316591942 0.1492895184815511 0.4059346680053196 0.1050328658033044
0.8196604451440903 0.4045844316495275 0.4331575591192708 0.1050328658033044
0.3283180529221023 0.2281458480494769 0.1143924784171404 0.1050328658033044
0.6674141257138579 0.6862823446011771 0.2193634445641313 0.1050328658033044
0.2400269418965081 0.4786314304089388 0.3735981537283031 0.1050328658033044
0.9377868077421574 0.1299656948600901 0.178234795552515 0.1050328658033044
0.8411444228626134 0.07931160278504547 0.4150187230639045 0.1050328658033044
0.9205953804623903 0.6825084696750685 0.6959808801431703 0.1050328658033044
0.2516540324587972 0.1351570588409933 0.7359876348370603 0.1050328658033044
0.04059685125056865 0.5355954035025707 0.4094494954135571 0.1050328658033044
0.7024895544320657 0.4675270643812206 0.6314756502564559 0.1050328658033044
0.9295282722246222 0.5226923606585915 0.1178249084458064 0.1050328658033044
0.2425180094806963 0.5891760879397262 0.09439723351214037 0.1050328658033044
0.9032951808250419 0.7118299962928999 0.4824338747909085 0.1050328658033044
0.8969402687436822 0.8181542522915828 0.4040788863610492 0.1050328658033044
0.8268583295317403 0.7706852559260152 0.1236209316801288 0.1050328658033044
0.8882904249569716 0.4489593297642392 0.5016985019910829 0.1050328658033044
0.2905047845973652 0.7987369118208681 0.8890005257404616 0.1050328658033044
0.8284876591939645 0.0287038151856045 0.8980469192607133 0.1050328658033044
0.1612518300940258 0.9952356493690793 0.3171406737731786 0.1050328658033044
0.762929695808347 0.5088950203663224 0.1746661879755795 0.1050328658033044
0.4371349967872742 0.5318922164364683 0.9186452356309853 0.1050328658033044
0.483274271829927 0.4757312310744037 0.5789189912237895 0.1050328658033044
0.2637327012559585 0.1255384875195299 0.5320433121978083 0.1050328658033044
0.5615219254671722 0.9724397305996844 0.07320245046889265 0.1050328658033044
0.5486237327012514 0.7011477106972748 0.7048384550470925 0.1050328658033044
0.6342805210860416 0.3590393550358812 0.3434665893501311 0.1050328658033044
0.4465010290940906 0.2749431485021979 0.7654847439297209 0.1050328658033044
0.3869389474845498 0.03728148448601624 0.204759647575566 0.1050328658033044
0.6572307221749786 0.5101957177915791 0.5391320652126389 0.1050328658033044
0.4695435272952995 0.2593580882982049 0.8854290979196474 0.1050328658033044
0.7118242977403525 0.5927415842636168 0.7897046135288932 0.1050328658033044
0.6331905758953866 0.03535168491797669 0.810306865782898 0.1050328658033044
0.708832875748578 0.4330747526780552 0.3566361116430355 0.1050328658033044
0.8303683947451961 0.027630863566888 0.2993443846207983 0.1050328658033044
0.5645958300934516 0.7084809780177826 0.3673169541795672 0.1050328658033044
0.6725577069360471 0.102813045220943 0.7391971402439783 0.1050328658033044
0.701599228673317 0.9180433422883024 0.8644612224488445 0.1050328658033044
0.7506331810236485 0.1313752503613108 0.1619240764168849 0.1050328658033044
0.6828154521067832 0.3936996831364747 0.935178976625894 0.1050328658033044
0.8732650202515069 0.7277890105180962 0.8062991959100065 0.1050328658033044
0.3948894515115154 0.728532035468672 0.2053095950462978 0.1050328658033044
0.7775829368603941 0.6418906216026712 0.2435351273873016 0.1050328658033044
0.2853044142373932 0.8704504954963828 0.2613615010131292 0.1050328658033044
0.2877570163471573 0.7998209647059786 0.06295863893681862 0.1050328658033044
0.4764215684460235 0.5445111270424748 0.6628158481391887 0.1050328658033044
0.3351516087919135 0.4723408877430544 0.7724601781154355 0.1050328658033044
0.3412356986771954 0.5509554708530361 0.2608389535308958 0.1050328658033044
0.5208795267523808 0.04077776564960266 0.5461279244987683 0.1050328658033044
0.2440040552095027 0.8479629354725051 0.8073287469003907 0.1050328658033044
0.3348234896825543 0.2326452306459577 0.2314336553620487 0.1050328658033044
0.01238648865508142 0.4408243292364929 0.52591834629626 0.1050328658033044
0.674167235984945 0.6828762519081182 0.5265671903957506 0.1050328658033044
0.5560834813202303 0.5085483086265151 0.5094485061991444 0.1050328658033044
0.2322934827675084 0.6326212171452449 0.9981200628217302 0.1050328658033044
0.4708732334935167 0.0176182548770232 0.4553997735405533 0.1050328658033044
0.01807243531324705 0.0941207156731491 0.09908599065227816 0.1050328658033044
0.3147557460300213 0.2207994251716229 0.5520907959141189 0.1050328658033044
0.825973941314561 0.6023890810012519 0.3285946899798816 0.1050328658033044
0.2263625247175376 0.2165323730413574 0.4943407178770375 0.1050328658033044
0.9587694893090475 0.2787528741310148 0.8132848471197498 0.1050328658033044
0.4631377107576537 0.6180522735943996 0.8614487312093918 0.1050328658033044
0.06523672518210451 0.6386119778017572 0.08594634254078706 0.1050328658033044
0.2280985853551547 0.2039461837588948 0.8216687754715465 0.1050328658033044
0.273694924741101 0.7505205219829149 0.2597104221373658 0.1050328658033044
0.1495115373853182 0.1362513747670479 0.2208869603464065 0.1050328658033044
0.08868324378922911 0.1015180232267713 0.6052685483949185 0.1050328658033044
0.7887460012912588 0.2965861833008167 0.2833332397153732 0.1050328658033044
0.04572849826188235 0.9027103056758509 0.1340939271014761 0.1050328658033044
0.1013676353320762 0.2042621505377137 0.645471396797908 0.1050328658033044
0.7172248889660229 0.1257723989978864 0.4060622640759535 0.1050328658033044
0.1713105845087615 0.1288940212702695 0.3589740980115246 0.1050328658033044
0.8159896230073798 0.8117800676096656 0.7785308165238715 0.1050328658033044
0.5532551624538096 0.3749903465938806 0.4151113173197967 0.1050328658033044
0.8990484662038444 0.2020810384766295 0.589098067649261 0.1050328658033044
0.4920484814163917 0.6986723638715352 0.2414606476876064 0.1050328658033044
0.8562052720911345 0.5991342212369578 0.7075327428087226 0.1050328658033044
0.08816774027906572 0.09299256934476602 0.8471519797853212 0.1050328658033044
0.4160689843074158 0.6977698937895244 0.92169164254907 0.1050328658033044
0.1696520049638022 0.5760249459276113 0.4700840311907025 0.1050328658033044
0.1267971390095625 0.8304390087449077 0.1458013947719198 0.1050328658033044
0.8318629858049404 0.539832263394977 0.4649262548187184 0.1050328658033044
0.753475715162467 0.2067301935773241 0.8420819784154777 0.1050328658033044
0.8113393967932356 0.02615655866783151 0.5966448760332764 0.1050328658033044
0.06252244332728825 0.3625345452085703 0.8158993644888767 0.1050328658033044
0.2007281669469179 0.1284734488875751 0.01679637277258866 0.1050328658033044
0.007272630047155816 0.5987701067538562 0.8368890842659946 0.1050328658033044
0.8177460003633266 0.4220845772957827 0.8069312561344206 0.1050328658033044
0.6337167236160978 0.6332010251740672 0.7285853185396588 0.1050328658033044
0.5610059497502402 0.2305210404146457 0.05789120818852912 0.1050328658033044
0.433452595962639 0.3804089430346931 0.06134529974896335 0.1050328658033044
0.9822703129025023 0.3432285005589112 0.992191753671787 0.1050328658033044
0.8222544995819132 0.7943593484793315 0.3267718394122523 0.1050328658033044
0.1515694188496549 0.8259507573833565 0.04003963461420935 0.1050328658033044
0.5847474942100591 0.7352809819527111 0.7992599351494659 0.1050328658033044
0.2207982029287615 0.9757251464799066 0.6050784481324807 0.1050328658033044
0.1176633649168 0.3359852263928974 0.7303187018459973 0.1050328658033044
0.9983841858441296 0.7199185365050582 0.1018348197503705 0.1050328658033044
0.3352914296114203 0.4044456277238478 0.03204581238962343 0.1050328658033044
0.1465141714397903 8.429921314757243e-06 0.6757088182332998 0.1050328658033044
0.8944399921058334 0.2267746842806282 0.69192095817295 0.1050328658033044
0.783640535258026 0.4135747974830845 0.9085597842000421 0.1050328658033044
0.7228593288892127 0.3167480013671518 0.5277673622947928 0.1050328658033044
0.4950952605336074 0.1078504796123171 0.6231367700941687 0.1050328658033044
0.110557692299928 0.4411075530148859 0.5880935508666567 0.1050328658033044
0.9613420913101208 0.1578423876598325 0.4960046195147811 0.1050328658033044
0.04217520747790312 0.5467659165972648 0.1321173709196178 0.1050328658033044
0.467505157861148 0.8051023986505512 0.397858164928483 0.1050328658033044
0.748067335640428 0.3324941761693961 0.7422143742362587 0.1050328658033044
0.8665521257005696 0.193053582555373 0.9644289594121708 0.1050328658033044
0.7082932989881375 0.9456482953266699 0.6642824086891607 0.1050328658033044
0.9263995208467176 0.9301183715390861 0.1069075402294214 0.1050328658033044
0.5591143739142472 0.2529714226643289 0.9463159304992419 0.1050328658033044
0.7032100808381637 0.8111299737798549 0.8758281472147784 0.1050328658033044
0.01119559997500031 0.4654057968456787 0.07024250248653628 0.1050328658033044
0.6892022605172977 0.6134973165154085 0.29292814034557 0.1050328658033044
0.312690390399999 0.0155088864889209 0.8633890076050774 0.1050328658033044
0.4856221582021737 0.8015904359756607 0.05756390308266907 0.1050328658033044
0.7287724395542379 0.7395686984690066 0.03104851154047152 0.1050328658033044
0.7730446150795288 0.8671467013021543 0.6959395381615138 0.1050328658033044
0.6899807791488201 0.1602052707317263 0.6503799346202477 0.1050328658033044
0.815245552893848 0.7446162237241915 0.5334391098564499 0.1050328658033044
0.6668492594403036 0.5326452245571451 0.3566493966180738 0.1050328658033044
0.4887017163431418 0.9632660291916687 0.3422240466871236 0.1050328658033044
0.4454085186106298 0.6531876919879323 0.5177358766415794 0.1050328658033044
0.3983258076742915 0.3359105474417062 0.8657910598522002 0.1050328658033044
0.4188955608996118 0.08617293680022851 0.1131655077169807 0.1050328658033044
0.3610179725507715 0.1901907908312263 0.3247131845385411 0.1050328658033044
0.01438694814271074 0.06224879901657501 0.5326573089681255 0.1050328658033044
0.6537968613696779 0.6794194179577543 0.1145366546096821 0.1050328658033044
0.4492118971183333 0.9977140249413898 0.8370950152417304 0.1050328658033044
0.6130427096244787 0.4343727820313644 0.2523162021529919 0.1050328658033044
0.7632267256227516 0.9338749052208408 0.4714543448137206 0.1050328658033044
0.5883406719459142 0.2829323986922669 0.6842810617394017 0.1050328658033044
0.14676518844189 0.35699408420213 0.1283267897948844 0.1050328658033044
0.450119667512056 0.7093815440585455 0.02096703845247519 0.1050328658033044
0.8259454757539241 0.8992993245988683 0.9976576275968367 0.1050328658033044
0.8530269485972681 0.001249800326908198 0.996788556410007 0.1050328658033044
0.7588061314487869 0.05633039273959858 0.08551397837490696 0.1050328658033044
0.6020666623362573 0.09527143957215599 0.6194046275835384 0.1050328658033044
0.3526403781245595 0.3716140731149673 0.3322871124820659 0.1050328658033044
0.2666292131958044 0.7436224682192265 0.4327145520492759 0.1050328658033044
0.7326531865855699 0.2248327271558225 0.5793820928534053 0.1050328658033044
0.1060003397126218 0.4593658629452481 0.1218651578619063 0.1050328658033044
0.3647431435986999 0.6476328709221304 0.9985459855497203 0.1050328658033044
0.5694354181792499 0.2331794294356234 0.4976991361426223 0.1050328658033044
0.7364375384527693 0.03625650684504285 0.3538150568560056 0.1050328658033044
0.3204963355412395 0.9597288150386056 0.5743035542894368 0.1050328658033044
0.1068980615222141 0.04305286968158805 0.4858682467419657 0.1050328658033044
0.8735589881107876 0.9123334844696442 0.4492421167953471 0.1050328658033044
0.980549623294563 0.09096068476324691 0.8610937057705027 0.1050328658033044
0.8075938488655875 0.4550195746523853 0.6226352851341992 0.1050328658033044
0.6525257444067463 0.400273629109174 0.05259906376495443 0.1050328658033044
0.6987005552631369 0.497725824032321 0.2618955015822375 0.1050328658033044
0.8174393261494914 0.6383485487307425 0.5200122416135846 0.1050328658033044
0.957537270998956 0.9151540944873535 0.006233726525091388 0.1050328658033044
0.1198167530643336 0.7038955532359312 0.9823129122788729 0.1050328658033044
0.06266723501455677 0.4384295110615117 0.3599256861114349 0.1050328658033044
0.130953392757415 0.8721938941218926 0.481830766112727 0.1050328658033044
0.604514080127473 0.6122862668345953 0.1790578457241377 0.1050328658033044
0.7481641660839753 0.3621343652447259 0.6237160657013873 0.1050328658033044
0.1746016047232872 0.1253459647626158 0.4721590320841003 0.1050328658033044
0.577448407662962 0.1620441297841609 0.1387076780274975 0.1050328658033044
0.3286693590542427 0.7524292138248965 0.6414812155565858 0.1050328658033044
0.2636780306430215 0.5627140996201347 0.9249629880908525 0.1050328658033044
0.05573714882187995 0.6377802599578463 0.9244705791963388 0.1050328658033044
0.8351203313180915 0.9848449226192253 0.09910959902060516 0.1050328658033044
0.1963360480050355 0.783386893053245 0.5008318377335554 0.1050328658033044
0.5678427522029788 0.6872181618435422 0.5998869458988315 0.1050328658033044
0.7394671164634558 0.07045658941062993 0.9509958368585029 0.1050328658033044
0.7235027369015238 0.9737819398848014 0.5612959598341716 0.1050328658033044
0.793357165033597 0.7888165602944673 0.9289499009579766 0.1050328658033044
0.1549653142484582 0.7277986875277298 0.2158948473017011 0.1050328658033044
0.9844483606096959 0.8324900756284763 0.08101350500177391 0.1050328658033044
0.159035687325202 0.03572439163076472 0.07870797816784672 0.1050328658033044
0.5474538223014598 0.94797905229295 0.971424070670447 0.1050328658033044
0.2058445274682464 0.9139434965898251 0.6892967646710569 0.1050328658033044
0.2804813408964725 0.8704329015078704 0.6225339048690569 0.1050328658033044
0.2301594398170081 0.7227250456058059 0.6745422249771177 0.1050328658033044
0.7963837692529449 0.2297969797735512 0.3738092772566821 0.1050328658033044
0.2164863728788544 0.4608948648963367 0.581338006773525 0.1050328658033044
0.4127793896052368 0.3766104946748138 0.768454609588416 0.1050328658033044
0.6037131946223048 0.6040333461412294 0.545296351921891 0.1050328658033044
0.777042831774103 0.1242145309432937 0.5743128240669045 0.1050328658033044
0.05429152680413759 0.7127732602442777 0.3942686900757525 0.1050328658033044
0.4377365398788524 0.1805199032927782 0.8120112748148783 0.1050328658033044
0.4625487412883986 0.2110082107742418 0.2456132345807181 0.1050328658033044
0.1755493909170836 0.3068760658176812 0.342168400966935 0.1050328658033044
0.796843363834331 0.8490757670504723 0.4151632662712587 0.1050328658033044
0.9849626560778777 0.7934794007093204 0.6675990835665995 0.1050328658033044
0.3939696333925796 0.968067181358943 0.3912552522625893 0.1050328658033044
0.2380698496117093 0.9757286046888667 0.1229857828417787 0.1050328658033044
0.6604827383726097 0.2575219758153932 0.9955366535532452 0.1050328658033044
0.8572501784405099 0.3007291859892348 0.2024345347083814 0.1050328658033044
0.3078043903626382 0.9133111568685977 0.7175421364132568 0.1050328658033044
0.6608300319535674 0.5159599664499142 0.9993404124151737 0.1050328658033044
0.1298703530554366 0.685328707664951 0.672639249779352 0.1050328658033044
0.217671303488313 0.07191949190722624 0.2724559405294592 0.1050328658033044
0.4189129171056866 0.7232637900986911 0.591607440957161 0.1050328658033044
0.2928000972337961 0.8443255784770441 0.4481514985318762 0.1050328658033044
0.9423413973220059 0.7459174710717625 0.2002882365242138 0.1050328658033044
0.1441625652053158 0.2649848605253352 0.5474287594837224 0.1050328658033044
0.8409754940022245 0.1926138045974651 0.07020622083424147 0.1050328658033044
0.9488096676868639 0.08140719411811941 0.4230216510908338 0.1050328658033044
0.7064985647676884 0.2625803807533283 0.6745873775295059 0.1050328658033044
0.9092316652543952 0.258483339341036 0.12133778338499 0.1050328658033044
0.8210552428036402 0.297742405886181 0.5629881692365986 0.1050328658033044
0.0004122345637946874 0.1460220395297612 0.2611130306060361 0.1050328658033044
0.5953885218956519 0.04345228811008518 0.1597785964952427 0.1050328658033044
0.9169238250978757 0.5525843116286889 0.006382165010609873 0.1050328658033044
0.6984616722299173 0.1183571053819754 0.8669852700117961 0.1050328658033044
0.2138859393571864 0.7461275183845701 0.01027054007781637 0.1050328658033044
0.273639339595511 0.8140433767908255 0.71132260079077 0.1050328658033044
0.795015154236802 0.4195240403044845 0.2279683874660888 0.1050328658033044
0.01028681666945101 0.8403177322866129 0.9514408813444545 0.1050328658033044
0.5316064777220546 0.1727031891788029 0.8816308056977226 0.1050328658033044
0.3212660627472378 0.9427464936794743 0.193286032027632 0.1050328658033044
0.9172019400464372 0.02823959980003984 0.1508910883023248 0.1050328658033044
0.2069745462121149 0.5134070506759807 0.6727246800026536 0.1050328658033044
0.1080874690140629 0.8016801253959591 0.9434792726461303 0.1050328658033044
0.03014218544924436 0.1787514848476786 0.8281452194713533 0.1050328658033044
0.3968746111736317 0.06878673841857968 0.8977415213424474 0.1050328658033044
0.756068559751228 0.5713349113911521 0.07407808473363788 0.1050328658033044
0.3652719959476775 0.2362365247703722 0.8728314984541976 0.1050328658033044
0.9460012326048884 0.7567303419613622 0.01793880445263211 0.1050328658033044
0.5297829950408703 0.8658910248394793 0.3376245514305867 0.1050328658033044
0.7014480233690019 0.06023285258069826 0.6170174750763531 0.1050328658033044
0.512700102560566 0.4201531036489539 0.2106607910871084 0.1050328658033044
0.5305834644573075 0.1894580818893336 0.7610217107794718 0.1050328658033044
0.9224223989307235 0.7774705176268274 0.2991985245636181 0.1050328658033044
0.8526808266712906 0.1115740632941439 0.2380916732782785 0.1050328658033044
0.5939843271978319 0.4464132878724311 0.9550133162279177 0.1050328658033044
0.1462344302981648 0.9337063096734317 0.1574180996690542 0.1050328658033044
0.7536228968240564 0.9461490147651863 0.1544244758685569 0.1050328658033044
0.7440356051816419 0.1563552031077269 0.0522636092839306 0.1050328658033044
0.1674914402743231 0.3884060684742148 0.8077648933584675 0.1050328658033044
0.6721471839992387 0.5277015377704692 0.7158059703398254 0.1050328658033044
0.7316750110608028 0.01853701868113491 0.8544351143766732 0.1050328658033044
0.4873313404484558 0.3158951069476694 0.2458975001523684 0.1050328658033044
0.2725500861317584 0.3813641206894755 0.6215418957378185 0.1050328658033044
0.1250414038801123 0.6344155839983192 0.5455799482991689 0.1050328658033044
0.4323717329838158 0.1657674639976827 0.9177261541200527 0.1050328658033044
0.5623689995926801 0.09626757139133156 0.7239848870662131 0.1050328658033044
0.6196092731659161 0.003237077160073194 0.5692397583582645 0.1050328658033044
0.006284774449444298 0.6985891979765344 0.5006767302699719 0.1050328658033044
0.1822452635895039 0.06384353617212099 0.5581555217648422 0.1050328658033044
0.9165447555886224 0.6306625167481563 0.7916430150889427 0.1050328658033044
0.7519750760851786 0.9701286486507255 0.2589530691362494 0.1050328658033044
0.5037469954532207 0.3107436827184037 0.02136894290188462 0.1050328658033044
0.6645160876400231 0.9267200699222644 0.2192760645639993 0.1050328658033044
0.03407053240118026 0.874731742572084 0.2378255433431201 0.1050328658033044
0.4861461817711471 0.9032014175148225 0.2495012351445803 0.1050328658033044
0.1671040188984836 0.627297707892294 0.9145876309333199 0.1050328658033044
0.6681021994280415 0.684461344269168 0.6320801250625216 0.1050328658033044
0.7432518064149898 0.449180416221361 0.00617377313114663 0.1050328658033044
0.8549162895081683 0.6973151853671754 0.2921134105910118 0.1050328658033044
0.08533584502892834 0.2511382015875493 0.3359474164404972 0.1050328658033044
0.9855759548750788 0.06478826755979092 0.7593655763968146 0.1050328658033044
0.9466430812728807 0.2117746056700669 0.3240854679751858 0.1050328658033044
0.5840745590745132 0.3287973512054477 0.08870837984465424 0.1050328658033044
0.2983712179563469 0.6481319738274914 0.2554151347475542 0.1050328658033044
0.8175595337571291 0.6969524243961763 0.7128890150332556 0.1050328658033044
0.7741029025221071 0.6869733615069282 0.6171024688429778 0.1050328658033044
0.3936385294624859 0.4397558681025582 0.5347679472838228 0.1050328658033044
0.4154060510797428 0.4389892259038652 0.8547751312740837 0.1050328658033044
0.6654628791371692 0.3736943746286642 0.6912013518334955 0.1050328658033044
0.06471988505640702 0.2766546241092714 0.474318781731892 0.1050328658033044
0.08477838960669641 0.9945052413390633 0.5905080930800689 0.1050328658033044
0.4289398738639191 0.8538367819770228 0.7171356651173653 0.1050328658033044
0.5973364790632012 0.3446314684311835 0.981204182511194 0.1050328658033044
0.1016086338911487 0.8040493255201765 0.3686396702245833 0.1050328658033044
0.150958930197653 0.4244194291165516 0.684431911324016 0.1050328658033044
0.5199855460011331 0.5963666295502672 0.4629500587324382 0.1050328658033044
0.2568855896471224 0.2866300614090339 0.2785517447926065 0.1050328658033044
0.6841120287621866 0.8348986477121237 0.2699522135356187 0.1050328658033044
0.919608482695939 0.6131551023922359 0.5245582723645679 0.1050328658033044
0.8034270941029246 0.5162399907654617 0.2721394926808435 0.1050328658033044
0.6389768887256045 0.915669912309756 0.3235096154058656 0.1050328658033044
0.3665572658088001 0.7748196446140652 0.4003857520012812 0.1050328658033044
0.8245399747133442 0.7432258189816319 0.4185646714475667 0.1050328658033044
0.1528537804318196 0.1430103170116863 0.7783891659596258 0.1050328658033044
0.7471702726555922 0.497510008369063 0.825977662486937 0.1050328658033044
0.4897119969314782 0.9130763691886969 0.4365492714792038 0.1050328658033044
0.9104559176249457 0.4508195526178089 0.04305032404935112 0.1050328658033044
0.4159835633682363 0.1224432915297716 0.01429479244492718 0.1050328658033044
0.4169012315086828 0.4190952403282257 0.1649523971339543 0.1050328658033044
0.874466757850562 0.4839043169145769 0.198673863531478 0.1050328658033044
0.9838788990607997 0.3055140215633937 0.3671502780931296 0.1050328658033044
0.06971717819314688 0.64892992806923 0.7688978598504214 0.1050328658033044
0.2956778399811312 0.01263274301528075 0.3958374921093603 0.1050328658033044
0.6362959550877622 0.199458090376792 0.8958178373083796 0.1050328658033044
0.5665782733368766 0.8652670472235613 0.08262883371274624 0.1050328658033044
0.0230322113087307 0.736319259234067 0.9415284792461949 0.1050328658033044
0.6125470886597567 0.836986379562575 0.7998621288410183 0.1050328658033044
0.7728659177998652 0.9209326289834306 0.7873215999706318 0.1050328658033044
0.2693758027937226 0.1089455394566338 0.8410252352423283 0.1050328658033044
0.315956545776393 0.8388026660472909 0.1645178434889969 0.1050328658033044
0.6480993613526111 0.7441252900358504 0.4267133896978055 0.1050328658033044
0.9940552651389307 0.9632899743583609 0.3008217556391241 0.1050328658033044
0.2988880694338979 0.5679696036772344 0.6345389665712161 0.1050328658033044
0.1674944672176422 0.1252852107546752 0.6737082345728156 0.1050328658033044
0.5713956764166974 0.9878515061881195 0.4698421179207469 0.1050328658033044
0.1217547231050359 0.2020670222832122 0.4236142236406354 0.1050328658033044
0.6869082663947271 0.312941543058821 0.104239577586414 0.1050328658033044
0.2143901218657507 0.1012975895831832 0.1400817429583813 0.1050328658033044
0.1743795924392166 0.5985574576510251 0.262106730713335 0.1050328658033044
0.6035183566466941 0.2812206870330163 0.4081461054859611 0.1050328658033044
0.3796390740621494 0.5481755434836355 0.7053079786631532 0.1050328658033044
0.03366584107134978 0.6208673104382889 0.3442195284332672 0.1050328658033044
0.004112527933531767 0.364824774872427 0.4525137231710135 0.1050328658033044
0.99460122062411 0.1505834803572207 0.596497316877409 0.1050328658033044
0.4776287559898323 0.6515983355915045 0.6434514151654229 0.1050328658033044
0.1112962037334283 0.9893309354567871 0.8831541266176074 0.1050328658033044
0.6429199881381655 0.7473905324336089 0.7124098813006783 0.1050328658033044
0.1299955988654939 0.9050672301856468 0.9506154922028147 0.1050328658033044
0.09240076307198113 0.363769395237146 0.2869497947223627 0.1050328658033044
0.04706347837069669 0.1531139554354577 0.7276245497826646 0.1050328658033044
0.7370898349264494 0.4387633610573021 0.7381177382967553 0.1050328658033044
0.6438260367572831 0.8092976833898687 0.5145245950921001 0.1050328658033044
0.02567090157664458 0.9860879684067299 0.8223786271197063 0.1050328658033044
0.2791330557580538 0.5553150498104147 0.7389146021468426 0.1050328658033044
0.1662345148383088 0.5214091839862924 0.915551394090787 0.1050328658033044
0.5617703737523002 0.40648875839572 0.5403166986353468 0.1050328658033044
0.8223811587164488 0.4842977248972872 0.09008399052907864 0.1050328658033044
0.4574095389112194 0.05284985821343026 0.7188736795064984 0.1050328658033044
0.04410585913752794 0.05251127865450499 0.9354121807894132 0.1050328658033044
0.6187100674983755 0.1608740190783391 0.43601249390186 0.1050328658033044
0.9313358747935346 0.29141856436237 0.9138931985756152 0.1050328658033044
0.6366763413789538 0.4407097812522892 0.7710111127035941 0.1050328658033044
0.852680561554415 0.2370150853096028 0.8686774744789477 0.1050328658033044
0.08546408168972075 0.5223859196000129 0.5041778979931526 0.1050328658033044
0.8495292071011541 0.2079623770385629 0.2827937665758644 0.1050328658033044
0.7931397182858551 0.3030201387141336 0.4505716184853979 0.1050328658033044
0.974505274579952 0.6234098360664302 0.4323421973435359 0.1050328658033044
0.1418391071815479 0.342758371991822 0.02035827269682187 0.1050328658033044
0.8436730285612356 0.196721445606585 0.1764943136563776 0.1050328658033044
0.4731656205643702 0.02079115711289575 0.04040646078335836 0.1050328658033044
0.6601904234083508 0.01719851710145417 0.283369398077014 0.1050328658033044
0.6793050511241743 0.9718935845070759 0.4163121177014315 0.1050328658033044
0.2541016177196126 0.5622648890675551 0.1989608350237903 0.1050328658033044
0.4967089076701865 0.7811941525100643 0.7605554582644594 0.1050328658033044
0.5855693766851106 0.9987489241903971 0.3629317611355882 0.1050328658033044
0.4045485193494118 0.3261938463270127 0.9759592226412166 0.1050328658033044
0.8631534050306126 0.2291189903047918 0.4935207349509695 0.1050328658033044
0.1091387509121093 0.5729460183761732 0.8438753948965446 0.1050328658033044
0.197158728068039 0.7277846058793933 0.9078878098802181 0.1050328658033044
0.3664327152344187 0.5847501041273172 0.4884417887118909 0.1050328658033044
0.345895676635755 0.8629279026802056 0.538818659205367 0.1050328658033044
0.3429313817480376 0.3387478035113368 0.2287016864699231 0.1050328658033044
0.3952388893458165 0.8673071480291816 0.4429342086021579 0.1050328658033044
0.4943186859573861 0.08428368144928593 0.9438265619169203 0.1050328658033044
0.4745589328698978 0.6230865675384401 0.3715707594669106 0.1050328658033044
0.3604884430111543 0.3468578403524128 0.5740457245571376 0.1050328658033044
0.4836707398656264 0.2587629090185435 0.6625213120103416 0.1050328658033044
0.9479172730659688 0.7250011958262119 0.3875505028968067 0.1050328658033044
0.2709244129371841 0.6778672664341923 0.5887243783893906 0.1050328658033044
0.4289685604174547 0.114782823949559 0.2742349778776367 0.1050328658033044
0.2515167854006078 0.9332477684476614 0.9063055561358051 0.1050328658033044
0.2336869051006102 0.8804202809106159 0.529002442898769 0.1050328658033044
0.07837962168606151 0.9700423515831699 0.2332951379349718 0.1050328658033044
0.7769389552509739 0.0808560319892994 0.6888645615752286 0.1050328658033044
0.8054396494627437 0.3898661804659544 0.3290219448638366 0.1050328658033044
0.06261213869838393 0.2748078197656282 0.9874710401264268 0.1050328658033044
0.05966489903321729 0.4606799913815923 0.255498648047511 0.1050328658033044
0.5875120385731321 0.3937834114012603 0.8620854547945979 0.1050328658033044
0.2150168166800753 0.8172586976106974 0.203397863626847 0.1050328658033044
0.06003306956084256 0.8884295555005313 0.03087993254870712 0.1050328658033044
0.4395953935404762 0.21948952916194 0.490996548436295 0.1050328658033044
0.6211224955452289 0.3269732004750355 0.5026115261982325 0.1050328658033044
0.2934536765405025 0.7077433113618884 0.9492833253023016 0.1050328658033044
0.2779061251644329 0.965253805922923 0.002864568685245616 0.1050328658033044
0.6277243874072292 0.2143785488367939 0.5833182094300973 0.1050328658033044
0.5948513800603991 0.4555544491449616 0.3602330975550818 0.1050328658033044
0.3657712015396483 0.1411297163629795 0.503714556900817 0.1050328658033044
0.435622359512143 0.5712110765287521 0.01703597602396431 0.1050328658033044
0.3535611830223703 0.6099787298533399 0.8979604752782695 0.1050328658033044
0.6823049221898104 0.2719337555488945 0.7996192916922384 0.1050328658033044
0.2623081262259498 0.462526571362401 0.9581392383975385 0.1050328658033044
0.621243749144519 0.7787720377927234 0.6133349717806514 0.1050328658033044
0.9699826238912307 0.8880140203834721 0.5014305559382688 0.1050328658033044
0.8384203856352751 0.5218839590519861 0.7793400841422827 0.1050328658033044
0.2263296889078338 0.4646152488619711 0.8497580454920982 0.1050328658033044
0.3721689529181622 0.7821817549403484 0.2957570988977262 0.1050328658033044
0.3282292779043831 0.007454925836814071 0.6679181227065039 0.1050328658033044
0.473504873559232 0.2114345148492614 0.002958204259904003 0.1050328658033044
0.938204506316435 0.310021891788692 0.6445665745245629 0.1050328658033044
0.1395538923212478 0.4996056411001177 0.4039545400338207 0.1050328658033044
0.867408550367467 0.6419005688554262 0.8852880784798864 0.1050328658033044
0.09352022379793137 0.0666385658104377 0.276318164071605 0.1050328658033044
0.7185469127880543 0.5897024606089292 0.5018074557053162 0.1050328658033044
0.8304092864297167 0.00882744652666371 0.7925762907581566 0.1050328658033044
0.2814811768532219 0.04060430285524908 0.1946151527491732 0.1050328658033044
0.4960843291394667 0.6368734299908194 0.9601666848638747 0.1050328658033044
0.4747798110926793 0.8001087566437582 0.2682400918757702 0.1050328658033044
0.8932067866205954 0.171314099540739 0.4104934984267488 0.1050328658033044
0.8862176007054775 0.9347397093934691 0.5512414246957503 0.1050328658033044
0.8926130533361321 0.305963689970818 0.3012699095290256 0.1050328658033044
0.06963894685171688 0.8651077175782629 0.8668552021778487 0.1050328658033044
0.8846664045713372 0.3416890738114332 0.4869400836465635 0.1050328658033044
0.1503334512373316 0.08975308757209648 0.9325992737009027 0.1050328658033044
0.4745809280446866 0.730594413971109 0.1354705634337058 0.1050328658033044
0.302771670078021 0.2882226432036974 0.3731404722700113 0.1050328658033044
0.09162063960852207 0.0922335646185669 0.02037698287123469 0.1050328658033044
0.7756813191761442 0.5818586065340117 0.6041466397144826 0.1050328658033044
0.6332219535144485 0.0202221346211667 0.6868872332021069 0.1050328658033044
0.1664261697488655 0.9041568415081528 0.8517005642697515 0.1050328658033044
0.9063337020841635 0.3781274539087142 0.3787138432583782 0.1050328658033044
0.2044987695092687 0.2502321984219714 0.6350179434435081 0.1050328658033044
0.3462060617594398 0.08506542856399248 0.3374634334703323 0.1050328658033044
0.4684159963817762 0.1184031281791281 0.4973686394659577 0.1050328658033044
0.5786601971469314 0.9322610900361974 0.7053838811016664 0.1050328658033044
0.02919959549765673 0.9424721589893784 0.9306494335499788 0.1050328658033044
0.06481921255793308 0.3044541322836087 0.6442179932546203 0.1050328658033044
0.6533175929578425 0.5792623830595294 0.902137241277945 0.1050328658033044
0.7114503012878528 0.3695892159842404 0.272193027273158 0.1050328658033044
0.8162275093065926 0.9794476606243342 0.3918304244462607 0.1050328658033044
0.3190507507239296 0.3754721135525726 0.7197979330894874 0.1050328658033044
0.5699105708893732 0.8262865682473817 0.6972836795725456 0.1050328658033044
0.5135854376330783 0.5067663690741681 0.9867251563141747 0.1050328658033044
0.5749863526845687 0.07403276663791833 0.2581848562561011 0.1050328658033044
0.2308382711962383 0.952690424485881 0.7841557671050717 0.1050328658033044
0.723963563234535 0.008926103402438806 0.7492743017169892 0.1050328658033044
0.4012598358685024 0.283304175091029 0.2968575854700652 0.1050328658033044
0.3249642361030604 0.4917241895461044 0.8773212332354698 0.1050328658033044
0.5031177775372172 0.2012128888217702 0.5744482942381558 0.1050328658033044
0.811447541153018 0.9735517361508064 0.6951675087367984 0.1050328658033044
0.1253259201446947 0.2507201340666259 0.07247853169221809 0.1050328658033044
0.3127162546559903 0.3839282941648464 0.8254968069694361 0.1050328658033044
0.03863340064678999 0.8777631693967806 0.5824179179280767 0.1050328658033044
0.8952482511651496 0.3201788138227784 0.7403800855936609 0.1050328658033044
0.1475944074691179 0.5414893512668957 0.5891229948333152 0.1050328658033044
0.8023208283829831 0.1917394106225875 0.6528314336853108 0.1050328658033044
0.7543204704807231 0.9649868412638981 0.9477317265558182 0.1050328658033044
0.5030733267593337 0.2489449535980441 0.3350318902643446 0.1050328658033044
0.6724010585163831 0.406671326681813 0.5499901012852432 0.1050328658033044
0.7441751445010659 0.08096423597471337 0.257603870898417 0.1050328658033044
0.2187496860779362 0.9537130329281135 0.2319421879952094 0.1050328658033044
0.8218243425024732 0.2471358081610004 0.7687159035452394 0.1050328658033044
0.7578908350451993 0.6861215880329301 0.3436615432293632 0.1050328658033044
0.545626720743824 0.7327543294907575 0.9818500050627419 0.1050328658033044
0.1531989144098574 0.5900741624098373 0.7397932334188624 0.1050328658033044
0.714637305729063 0.390047032217222 0.452329158784995 0.1050328658033044
0.8696790277938926 0.6432954156630777 0.6124529754090938 0.1050328658033044
0.5127791116113696 0.5356834888595078 0.8077669005103877 0.1050328658033044
0.6011878821818553 0.1990344887454441 0.339224020907967 0.1050328658033044
0.7864394927447871 0.8678228289954423 0.2592981893698859 0.1050328658033044
0.6762934278507442 0.1308527738596601 0.5384896987882796 0.1050328658033044
0.8861548365815147 0.2840317028877281 0.01896282422954708 0.1050328658033044
0.7988780805745361 0.4896072340468132 0.3742697140229048 0.1050328658033044
0.1240890542767061 0.5253951029700799 0.2016339540209258 0.1050328658033044
0.5344466748615303 0.01279598508346003 0.6479092720494316 0.1050328658033044
0.9301338195265115 0.3547267005968905 0.08311459478596607 0.1050328658033044
0.007417172657400823 0.8307128778564438 0.3304839317926302 0.1050328658033044
0.7660301243011826 0.50026668374637 0.5365783882643116 0.1050328658033044
0.4391863568401485 0.4783922453327439 0.7584718820958969 0.1050328658033044
0.3279926662042949 0.1484249455320592 0.9188441256249306 0.1050328658033044
0.3218260561871169 0.2997612989694473 0.4790842636859642 0.1050328658033044
0.1239217999360202 0.955900737630438 0.4172471911679723 0.1050328658033044
0.5902170800888432 0.6620563298316492 0.9182180979484597 0.1050328658033044
0.0204741906963447 0.5619523311129458 0.02959049354539991 0.1050328658033044
0.1683366357774226 0.7250867312644954 0.3995178871580604 0.1050328658033044
0.8396013330050983 0.4821746354870359 0.9693028331908519 0.1050328658033044
0.2797167131680963 0.487478290451025 0.06802393041107291 0.1050328658033044
0.0001577807407383137 0.3382708501059235 0.7248498749432287 0.1050328658033044
0.2827952735017585 0.1793004510481456 0.6452546177590882 0.1050328658033044
0.2075690394045875 0.02420417847048222 0.8575478474490471 0.1050328658033044
0.5638797024815282 0.1815116300860717 0.2423574805454358 0.1050328658033044
0.03513791451649818 0.2699861699760906 0.8853467339963655 0.1050328658033044
0.8170220609114155 0.295079521665071 0.6688553048299996 0.1050328658033044
0.09103856470297991 0.05914756664443402 0.7472048068884117 0.1050328658033044
0.9408783181055451 0.4655615239070985 0.5999290462004304 0.1050328658033044
0.8459994606428541 0.1035240855690934 0.127486080641044 0.1050328658033044
0.1482510489086691 0.491587265907144 0.7824230792624819 0.1050328658033044
0.1600009327155645 0.7541648649119645 0.7461561115050765 0.1050328658033044
0.4025814570074933 0.2612669592882247 0.4009575505964348 0.1050328658033044
0.9914353515432576 0.001212956658276335 0.05646490960394399 0.1050328658033044
0.5024505823107126 0.6315109225343956 0.160842670735774 0.1050328658033044
0.7055709617136433 0.3874496694169202 0.8326524432299496 0.1050328658033044
0.5127129553111274 0.4632946320686141 0.8896607395238658 0.1050328658033044
0.6121944439817424 0.905027007127528 0.6091291159788652 0.1050328658033044
0.0991272451837269 0.5402502487180312 0.3131621213063344 0.1050328658033044
0.1538357644379061 0.03246743107075736 0.1936830086329447 0.1050328658033044
0.202853393343414 0.7557561351377043 0.1154392962355572 0.1050328658033044
0.07705448395364961 0.1773330418403896 0.5327487800948152 0.1050328658033044
0.984436125833859 0.1181914009755008 0.9944464649128618 0.1050328658033044
0.7952739091642973 0.3238165176839576 0.836726775222327 0.1050328658033044
0.4349684718976755 0.4380813197509626 0.9676311942410841 0.1050328658033044
0.194560490094492 0.03523680439199924 0.4172584759897508 0.1050328658033044
0.05541920469985493 0.428020523985572 0.7327067961104663 0.1050328658033044
0.823183141981359 0.1032565847825791 0.006435494601830734 0.1050328658033044
0.2625555899657752 0.3908797598274421 0.1071925149427467 0.1050328658033044
0.6558152712870131 0.475022010139482 0.8741023358542742 0.1050328658033044
0.9667539268506069 0.5272091986223775 0.4863769808362694 0.1050328658033044
0.3174834403109808 0.2022853809873067 0.432701633382821 0.1050328658033044
0.5669222007181893 0.5122415110632998 0.7186740600470728 0.1050328658033044
0.1015736779445221 0.4479171600995335 0.8700211003809585 0.1050328658033044
0.9292967842701602 0.406403250554335 0.6862079005504024 0.1050328658033044
0.03109231197006141 0.7936245643386868 0.1694716944418242 0.1050328658033044
0.3172925933638728 0.7234597463702642 0.7418485236463782 0.1050328658033044
0.6402478583141831 0.3326254600298898 0.2024797154523121 0.1050328658033044
0.9498735754042484 0.1361032993868401 0.6909240566253907 0.1050328658033044
0.5916318616999591 0.8960709818516892 0.4176343807734942 0.1050328658033044
0.8320106749922038 0.3208398402224636 0.9362883954003333 0.1050328658033044
0.6367732546195399 0.7967320606366111 0.1828873149183899 0.1050328658033044
0.7764036760190858 0.5274800209592552 0.6942205714999119 0.1050328658033044
0.1633826293718976 0.4225446089209776 0.9514864551085103 0.1050328658033044
0.8955999642996896 0.3595416173689117 0.8413046154056509 0.1050328658033044
0.1795251150996931 0.3958992692676739 0.4026152315591442 0.1050328658033044
0.6352499393394888 0.2013033716115954 0.7339410558239602 0.1050328658033044
0.7577978444329769 0.3290957734348947 0.1821965118535101 0.1050328658033044
0.9439023896479185 0.9891600631270673 0.4756026036142184 0.1050328658033044
0.409780100992432 0.254487583334173 0.587677694505888 0.1050328658033044
0.1759159801428318 0.1679857194880026 0.5746307170880331 0.1050328658033044
0.07140170619541079 0.006159694752933606 0.1310657719621962 0.1050328658033044
0.2072280085050483 0.6176369700354566 0.6473268723721055 0.1050328658033044
0.2433945451191998 0.2354807566466827 0.9968265007045601 0.1050328658033044
0.03287611750112531 0.6923394761677684 0.197266005893243 0.1050328658033044
0.9434599289074611 0.5289726499836351 0.7851214769230068 0.1050328658033044
0.3245676412647362 0.9424738937232606 0.4704932176056399 0.1050328658033044
0.8146833797560844 0.5826540458497447 0.9873441515417152 0.1050328658033044
0.409101018303797 0.622025932615205 0.2087714046546079 0.1050328658033044
0.04810328582883258 0.1216694912983644 0.4477606791247425 0.1050328658033044
0.941764529680419 0.5677855623552627 0.6268061891981347 0.1050328658033044
0.1210978544251284 0.600738501199891 0.005449042492428531 0.1050328658033044
0.428182660072854 0.02585897089098941 0.6195194748647327 0.1050328658033044
0.1641822251140576 0.9302604787444249 0.04961277738158102 0.1050328658033044
0.4334554139024381 0.551182456056554 0.1332219429277646 0.1050328658033044
0.8671520988951898 0.6323056020693301 0.4227377046830859 0.1050328658033044
0.1620612747357739 0.3446053272658168 0.6147455454746861 0.1050328658033044
0.2426596106589153 0.3661489494017678 0.9964996065712695 0.1050328658033044
0.5226676963702107 0.5685742381954995 0.07825659107516889 0.1050328658033044
0.4733094637893228 0.3676618521556735 0.6078770732386071 0.1050328658033044
0.905289700701731 0.3896621828489285 0.2366434007520184 0.1050328658033044
0.5319788491630909 0.433116105332951 0.7790379744376252 0.1050328658033044
0.005479895917742249 0.7126445127093681 0.2978169105810269 0.1050328658033044
0.003604088056163605 0.2759889813847743 0.07519046560105988 0.1050328658033044
0.8542989905534932 0.3942492647409993 0.1441188316373765 0.1050328658033044
0.8267739589157114 0.3930047609873014 0.7062682895372757 0.1050328658033044
0.6556659339958953 0.2277882221217911 0.196081339013183 0.1050328658033044
0.7996407230609028 0.8849004269074427 0.8825464419478675 0.1050328658033044
0.04365252335737464 0.8784396137449592 0.4195448023747337 0.1050328658033044
0.6435502586335513 0.9210005630638336 0.5084191457369931 0.1050328658033044
0.6874137005142648 0.2676785523262686 0.2887259457529696 0.1050328658033044
0.1714554838564152 0.3719115295569583 0.5136883916126297 0.1050328658033044
0.8294435941725614 0.8725248383240565 0.1543997956988186 0.1050328658033044
0.9674114893943859 0.324910909872097 0.1786943705380691 0.1050328658033044
0.3035500935818332 0.4690144046349666 0.6714500028557865 0.1050328658033044
0.8988098754564883 0.4639201775773121 0.8643619922228657 0.1050328658033044
0.4490889307522751 0.9885661096684363 0.9427887336830193 0.1050328658033044
0.3470920115613276 0.5730299074208038 0.3844912586191112 0.1050328658033044
0.7360054534550657 0.2826081552373857 0.9151962142069022 0.1050328658033044
0.7961451746461927 0.6845829451647573 0.9528019733462818 0.1050328658033044
0.933972418375562 0.8471269092108633 0.1720477793092036 0.1050328658033044
0.2209619793805024 0.6603342164036964 0.1696697314737062 0.1050328658033044
0.396353757971027 0.1690907410261949 0.1739302394910065 0.1050328658033044
0.3784639442691762 0.6536455794423761 0.6921525255427134 0.1050328658033044
0.9506256673375436 0.9066281605786455 0.3780586481980848 0.1050328658033044
0.5368809579130551 0.3842119513277286 0.3091777338246205 0.1050328658033044
0.4041395811068451 0.8250091494418917 0.6183692456441513 0.1050328658033044
0.7574219097230059 0.3986304387929561 0.1003715204930052 0.1050328658033044
0.01594194132906984 0.2127800205416049 0.4065481375455784 0.1050328658033044
0.06895190133415025 0.1462013361206831 0.3413214177656713 0.1050328658033044
0.3932970325775111 0.5491755819267455 0.8214742978448526 0.1050328658033044
0.5466368081439712 0.2987384669782668 0.5777283928921176 0.1050328658033044
0.8960838292413486 0.6971189687268874 0.08862125117880279 0.1050328658033044
0.2910872310226071 0.7732355043703344 0.5453138017024624 0.1050328658033044
0.3980279535604985 0.1488903121204865 0.6097762241982699 0.1050328658033044
0.3409176459816698 0.7166900446240079 0.8465311607722893 0.1050328658033044
0.3661401407380513 0.6320578047096707 0.5846126853233573 0.1050328658033044
0.6588456550630706 0.2099343587613172 0.09012143573860276 0.1050328658033044
0.1071793775125765 0.724662306198586 0.4859378888703297 0.1050328658033044
0.4154631993738053 0.274382428584934 0.06980690280753175 0.1050328658033044
0.5473544621225354 0.5641903112964815 0.9033072209673009 0.1050328658033044
0.1188638352028563 0.6322807294081145 0.1787631778165583 0.1050328658033044
0.3001240903873685 0.04417996444895841 0.7626273311908225 0.1050328658033044
0.1389522130306192 0.8766577398402819 0.2460506164961119 0.1050328658033044
0.3206761055408468 0.6324739377508646 0.1519344909666473 0.1050328658033044
0.3877015781186295 0.6692773970969221 0.412572685292769 0.1050328658033044
0.5496757404114955 0.8384391847885148 0.9817671361890802 0.1050328658033044
0.3922089451515902 0.8495711606602333 0.04900615390139098 0.1050328658033044
0.2198452235479314 0.2999796348176325 0.07631762597101217 0.1050328658033044
0.9599479400569449 0.2681983750459753 0.4782932309259304 0.1050328658033044
0.7331613170506469 0.3433531488047449 0.01407844220425087 0.1050328658033044
0.3211891422799052 0.9164510225712041 0.8285408785827234 0.1050328658033044
0.8799637759936049 0.8905736536649037 0.7109156470704442 0.1050328658033044
0.2196413397285553 0.3347002345411855 0.7023725372658578 0.1050328658033044
0.8622995490021762 0.531394825130187 0.5661036330356705 0.1050328658033044
0.2495906900947906 0.3889235101588529 0.2122257260914882 0.1050328658033044
0.08724029401262325 0.8892142319690772 0.6754045017839166 0.1050328658033044
0.2242875565513441 0.1661867105460292 0.9196336763168979 0.1050328658033044
0.04758196978612408 0.1840711664799844 0.0472402697601321 0.1050328658033044
0.1839176789101656 0.9952709667526768 0.9643754239660334 0.1050328658033044
0.9028515450156298 0.8357863814801365 0.9638464425550436 0.1050328658033044
0.7847108476047392 0.2521964321929786 0.004124258894855393 0.1050328658033044
0.6183523117384614 0.5465678661542827 0.8059934506943187 0.1050328658033044
0.5032010527870698 0.3633858951326056 0.9300627682752229 0.1050328658033044
0.932455122610555 0.1784704080670871 0.7871993822555322 0.1050328658033044
0.1952582734310788 0.0481843354162189 0.7557983409589922 0.1050328658033044
0.8871660317303434 0.7384299944636827 0.9249366976498619 0.1050328658033044
0.8531631716230234 0.8959583178007857 0.3396483335979487 0.1050328658033044
0.7475979961213688 0.7492866130616999 0.2579528450424934 0.1050328658033044
0.9701750294184145 0.4561170139175647 0.4086051822300049 0.1050328658033044
0.7295216103103395 0.845398200648533 0.1736020100606226 0.1050328658033044
0.284983680680201 0.4000978572017487 0.5187080783952471 0.1050328658033044
0.7716706652213793 0.8329029156626223 0.0594680135657534 0.1050328658033044
0.9030571540085094 0.3976147140734577 0.9485382974573958 0.1050328658033044
0.2471086376949214 0.4827047801348271 0.2676484886540746 0.1050328658033044
0.906343783888145 0.1067482933219052 0.3284196892612314 0.1050328658033044
0.1182703180042686 0.1431939523998341 0.1158662960496849 0.1050328658033044
0.4839901785916021 0.7062896981731193 0.4350172689092048 0.1050328658033044
0.7700183948307029 0.1782935865045928 0.4802242311227436 0.1050328658033044
0.4790849591393572 0.419330816522852 0.4756977990474227 0.1050328658033044
0.925550646833211 0.001974788728282376 0.8502405018831173 0.1050328658033044
0.05586785698371968 0.2568492436783229 0.7617323114965238 0.1050328658033044
0.329673694402798 0.1225517649003025 0.2404987540392492 0.1050328658033044
0.6464405471346625 0.06198678895939352 0.4625172259675776 0.1050328658033044
0.49631701761382 0.8753775393121431 0.6369520599578598 0.1050328658033044
0.5766979967883963 0.04960618822145763 0.000751921288535072 0.1050328658033044
0.5590839031266194 0.6348743867112201 0.8197875865468421 0.1050328658033044
0.9743158479913545 0.730873461006587 0.7722604441217081 0.1050328658033044
0.2651453670589265 0.02463032512544916 0.5005572605957856 0.1050328658033044
0.6929274245667606 0.1615966928384449 0.3041441263334798 0.1050328658033044
0.05961864063052717 0.7750631130369899 0.03300764542106636 0.1050328658033044
0.5905338715313357 0.4884911845115015 0.07297802885523309 0.1050328658033044
0.9259541748033105 0.03132248051047003 0.2559510787196971 0.1050328658033044
0.070904790077642 0.2843994703105031 0.1568022447167397 0.1050328658033044
0.9704574462772492 0.8997900622888965 0.8545648852668238 0.1050328658033044
0.3105796835982141 0.9093206304309105 0.3601756290705581 0.1050328658033044
0.8961925992151704 0.8130721961667425 0.5094935991722437 0.1050328658033044
0.9668080190279192 0.6219936293669647 0.1297474807038607 0.1050328658033044
0.1756302699546199 0.9672837121659129 0.5103794851888369 0.1050328658033044
0.3068504964631533 0.2819985815134477 0.6376527479041283 0.1050328658033044
0.4251044916250538 0.9430635149418862 0.1725986857170208 0.1050328658033044
0.8673359973422483 0.1102758941979602 0.6306570861765053 0.1050328658033044
0.4142823290537717 0.8759949420746446 0.3379131028967122 0.1050328658033044
0.7504333449187323 0.5843326844445517 0.3995695686984057 0.1050328658033044
0.3485370274697102 0.1116049797824143 0.697994824354575 0.1050328658033044
0.06676926432438748 0.7126249485428855 0.5874946813294296 0.1050328658033044
0.06895030976640348 0.7217523115579519 0.8469934726494872 0.1050328658033044
0.2584875358973251 0.6524727169143001 0.8658632684223874 0.1050328658033044
0.3355123438561628 0.630226737638077 0.786674478365385 0.1050328658033044
0.5543111038604749 0.2650926797360043 0.1780393897240498 0.1050328658033044
0.7391646322600052 0.185655017166683 0.7396517070267409 0.1050328658033044
0.8844435274072003 0.7845088346275324 0.700129995727493 0.1050328658033044
0.1427887893265018 0.5561537269367103 0.09875829789627973 0.1050328658033044
0.002703559361115099 0.4822470556141643 0.8592866129630994 0.1050328658033044
0.8487780740643028 0.7899633639553589 0.2249081453836768 0.1050328658033044
0.4112599418977234 0.6505891408515512 0.1007678112781706 0.1050328658033044
0.2998877690265795 0.298111932749289 0.9289787237003941 0.1050328658033044
0.3140374650745213 0.9108234030016836 0.08550482968395968 0.1050328658033044
0.9903639205595612 0.5138307319606431 0.3161485631476241 0.1050328658033044
0.6497056594394399 0.3162565358362719 0.6033553814293497 0.1050328658033044
0.6242195301392933 0.4427682083222081 0.4613793306945589 0.1050328658033044
0.2526275131097157 0.6401236225417052 0.4057148705001696 0.1050328658033044
0.9277452943176537 0.6350260840987983 0.3365092505391775 0.1050328658033044
0.7495035091225422 0.06925385010911109 0.4888142488310095 0.1050328658033044
0.4292629964054328 0.5376578034158677 0.3280561468038675 0.1050328658033044
0.7304960794862656 0.3236599409722172 0.3669236258491863 0.1050328658033044
0.09411862929931497 0.4212050850029952 0.4613503698719275 0.1050328658033044
0.6706670379645386 0.9168883123148908 0.7585013939153453 0.1050328658033044
0.5266032849537475 0.815359144096255 0.8579349820241468 0.1050328658033044
0.5182432587576014 0.1289883971535478 0.3282747645050239 0.1050328658033044
0.9743051884639833 0.4769798521774631 0.9609440074228516 0.1050328658033044
0.9151042120136241 0.8497988842901627 0.6083086337889566 0.1050328658033044
0.3473413773909897 0.04575574596952993 0.9919257281209949 0.1050328658033044
0.6718133816471455 0.8475351105894723 0.675776871047023 0.1050328658033044
0.6620769027130681 0.1057449675158936 0.1070091043780363 0.1050328658033044
0.9158031725878168 0.004947718059006749 0.3580631862060005 0.1050328658033044
0.3131932697268187 0.7022738168259353 0.3453905635072842 0.1050328658033044
0.0867765418512986 0.9879502280764283 0.008124188546894574 0.1050328658033044
0.05843585408414601 0.4118579987795671 0.967758411075871 0.1050328658033044
0.8978249677247943 0.7450249537279034 0.5999248390208932 0.1050328658033044
0.161857014126521 0.2372739984483238 0.7301623893023368 0.1050328658033044
0.6991739534754158 0.03412369508376376 0.1745360698503067 0.1050328658033044
0.5832636109214775 0.8628280810521911 0.2468332912483658 0.1050328658033044
0.5508195655914685 0.833335128722976 0.5573504866189134 0.1050328658033044
0.2097287053537866 0.83509066444897 0.947302184250254 0.1050328658033044
0.02586143563241274 0.6981646005234936 0.6855601273175514 0.1050328658033044
0.9397087563698877 0.2308108604966845 0.2190787934342995 0.1050328658033044
0.9508515422391329 0.008136171112296297 0.9553015341731937 0.1050328658033044
0.3311266065944151 0.6863460846927413 0.5013335684879935 0.1050328658033044
0.9886154949244776 0.79312511634112 0.4564534769956541 0.1050328658033044
0.1477104377635317 0.7978833665092252 0.8446571863353558 0.1050328658033044
0.2452353582430614 0.3064135324237937 0.5531289097431007 0.1050328658033044
0.530296077292806 0.4124201985348548 0.0320602457033936 0.1050328658033044
0.6577657983758103 0.7197124826625092 0.319245486910481 0.1050328658033044
0.04361707644402873 0.5943207818939337 0.2416278266668583 0.1050328658033044
0.370245192996968 0.2236393206489113 0.9805151358317235 0.1050328658033044
0.5118656093666565 0.1150032762001607 0.07010584303773121 0.1050328658033044
0.1848192454474942 0.7958320719259446 0.3029217547363743 0.1050328658033044
0.9776208478440814 0.9542416033734108 0.1970963240162426 0.1050328658033044
0.8803481320189256 0.8417812836684885 0.06734764713727709 0.1050328658033044
0.1742297122531314 0.7217429438323552 0.5833416376706565 0.1050328658033044
0.8072752427864932 0.1323200054117512 0.8974741170644658 0.1050328658033044
0.1143157219122768 0.3359383428558732 0.914451534439062 0.1050328658033044
0.388082829479642 0.6366044537351437 0.3110237250023251 0.1050328658033044
0.9020881485033604 0.5411505462368408 0.3775034951245371 0.1050328658033044
0.6767388092954716 0.2296604993860994 0.4904320452381749 0.1050328658033044
0.1685911416415579 0.6623906399978747 0.07761972924312777 0.1050328658033044
0.3837241143679086 0.8464205416642433 0.9113041680004805 0.1050328658033044
0.4887895964924411 0.6161378421395507 0.74346238274603 0.1050328658033044
0.5313485843400392 0.5330852766415811 0.1906202642957484 0.1050328658033044
0.5511908505200556 0.9255656451465022 0.1684473544615952 0.1050328658033044
0.8306108676894339 0.5435295194984927 0.8821236396794345 0.1050328658033044
0.5859174074126419 0.5919821043125956 0.9972112920950235 0.1050328658033044
0.1592935832966288 0.6747278146320315 0.8208392966258511 0.1050328658033044
0.8177163834547531 0.3081886432556825 0.09514373809216262 0.1050328658033044
0.6721882993081391 0.01475108937681458 0.02883334020713334 0.1050328658033044
0.9344339110850514 0.8791954645713408 0.272335968089016 0.1050328658033044
0.01943321164078431 0.4010286040866913 0.6282539865428176 0.1050328658033044
0.342966935118461 0.009589483910077161 0.1126143165951532 0.1050328658033044
0.9947235456078861 0.6622245935999364 0.0111269735673787 0.1050328658033044
0.3437545693187043 0.2935633587827155 0.7814790703829578 0.1050328658033044
0.3068942651996637 0.1494691479002878 0.02388717568676744 0.1050328658033044
0.4023858067275581 0.3273753276310674 0.6755330546174985 0.1050328658033044
0.2300021218227391 0.1960682855494671 0.09466543592364575 0.1050328658033044
0.6431937101542258 0.9138770358208723 0.003691736742480862 0.1050328658033044
0.4279483674135273 0.827263199437796 0.1460889144182759 0.1050328658033044
0.4963089308933376 0.5937370099825851 0.2693216258232576 0.1050328658033044
0.6068186901385642 0.1373211706547193 0.8135969877271513 0.1050328658033044
0.3707897440672347 0.2291557802798952 0.7026519961317492 0.1050328658033044
0.5094865131324208 0.7122254213221424 0.8707310559727346 0.1050328658033044
0.597690864577157 0.93675752431647 0.8321498573806864 0.1050328658033044
0.6051155666548081 0.09457688307847732 0.9099399857910561 0.1050328658033044
0.3557763399785373 0.344738343441325 0.1224306488271978 0.1050328658033044
0.2295638736316221 0.9336871846238199 0.4255769027025807 0.1050328658033044
0.514945064461975 0.1811897523359161 0.4216488175023348 0.1050328658033044
0.7556277886861653 0.208776246314364 0.233628652885525 0.1050328658033044
0.6568653607824738 0.1232238416978638 0.2118439922096034 0.1050328658033044
0.7114726005705084 0.8188589097137179 0.7689291021179082 0.1050328658033044
0.6598013729557529 0.6698772941789454 0.839461321154259 0.1050328658033044
0.6458240186262457 0.5769056876257606 0.08683147163376793 0.1050328658033044
0.1146654121588279 0.806413623120205 0.5633412114292194 0.1050328658033044
0.247337609962117 0.1786538889109633 0.2059354559438784 0.1050328658033044
0.2584196304643715 0.5707236778654512 0.326164691228546 0.1050328658033044
0.06210559658049817 0.7922656884598815 0.7676895522596194 0.1050328658033044
0.7988181232483419 0.9163948611804599 0.60681503002679 0.1050328658033044
0.7065607751005173 0.8705981420809862 0.5782608118535371 0.1050328658033044
0.2104019936515026 0.4644511799208829 0.4764525507420774 0.1050328658033044
0.2651353877883529 0.1133523257779887 0.4046597198617567 0.1050328658033044
0.5117049215979043 0.3473837990649802 0.7211338451377922 0.1050328658033044
0.723603897592318 0.7015697619870863 0.7617484730652926 0.1050328658033044
0.2986057923610489 0.7352230371645855 0.1583719064877156 0.1050328658033044
0.7407328576506755 0.9355717953225274 0.05062618634703347 0.1050328658033044
0.7548665207356247 0.2317626715868033 0.1303756310362971 0.1050328658033044
0.5325760857485021 0.8131163286917937 0.1692994716214356 0.1050328658033044
0.2628762171389526 0.289251587921625 0.1733277156767849 0.1050328658033044
0.3056760132936221 0.8632396197879031 0.9804262074000761 0.1050328658033044
0.7376256310817978 0.7807077927105824 0.4708384194806898 0.1050328658033044
0.2131485303347222 0.5665376141732016 0.8235711771658114 0.1050328658033044
0.9114374768922748 0.04697019557724214 0.5577949298277379 0.1050328658033044
0.7974446314725365 0.8490986020398837 0.523554603482265 0.1050328658033044
0.5789325442654814 0.6832863993469257 0.4805159749445999 0.1050328658033044
0.06265328534534099 0.5330447643756647 0.9308073370648244 0.1050328658033044
0.3405133485989474 0.4441631989114675 0.2379529864610852 0.1050328658033044
0.3918543563484468 0.08759287662739644 0.7938677784374674 0.1050328658033044
0.3953189026281362 0.531336197830798 0.5957221251377498 0.1050328658033044
0.8768977849090821 0.3811172485054343 0.5946409856697878 0.1050328658033044
0.4896700219615132 0.3402539609267198 0.1424841538605968 0.1050328658033044
0.1737324459690237 0.2170163005923822 0.2862609384868037 0.1050328658033044
0.0248769677966001 0.6014227457550746 0.5384325236546866 0.1050328658033044
0.02231376300598855 0.1889612949500511 0.1511795922481828 0.1050328658033044
0.4958960680764679 0.4683423183344865 0.1142735946232301 0.1050328658033044
0.3389185774169222 0.3970911731292712 0.9271790978375521 0.1050328658033044
0.959669060760708 0.4270828108341989 0.1544012224388266 0.1050328658033044
0.9713552249150602 0.6692237703114025 0.6001535035396134 0.1050328658033044
0.5490229568230287 0.08040625753156008 0.4208097833159623 0.1050328658033044
0.8860882833601196 0.8208367083184507 0.8596288086868106 0.1050328658033044
0.338622290838518 0.5086085854741409 0.1546992273696239 0.1050328658033044
0.9800193936967557 0.5155042565549679 0.2108820207316477 0.1050328658033044
0.4546409561137216 0.3455575384383641 0.3632073145630143 0.1050328658033044
0.9881098300833451 0.3876247009836294 0.3014291403118673 0.1050328658033044
0.07839422927610766 0.6265202488030335 0.4513560983682155 0.1050328658033044
0.1962436316702791 0.2701338697562136 0.9087123774838413 0.1050328658033044
0.448040750270615 0.7202285828955685 0.3358986496156481 0.1050328658033044
0.4660740351880713 0.7885456395420652 0.9414631838129981 0.1050328658033044
0.09610084082155435 0.05232905260404555 0.3805533183321237 0.1050328658033044
0.7762665211881311 0.7172608229664658 0.8532627238813041 0.1050328658033044
0.3709546497335793 0.7692990964313915 0.9846863531378629 0.1050328658033044
0.8597977413745418 0.5973667760418004 0.08345423133358022 0.1050328658033044
0.1015531306858478 0.5174507881456742 0.6809347888225212 0.1050328658033044
0.6348433873487291 0.5114072427239917 0.1748703591394207 0.1050328658033044
0.5053852014254915 0.7420003289113006 0.532234875644174 0.1050328658033044
0.4790016832804919 0.2068806978879514 0.120523543854337 0.1050328658033044
0.43806855622343 0.4159374077183541 0.2846024044000692 0.1050328658033044
0.9617276098078881 0.6878556107656862 0.8704389867023274 0.1050328658033044
0.8602340782381067 0.1249717351902635 0.5095368455627556 0.1050328658033044
0.1359462928610396 0.2876800823903765 0.8229648646716364 0.1050328658033044
0.7538386528968403 0.6158460224535397 0.8854416454741079 0.1050328658033044
0.8918287630822072 0.6548165542726427 0.988594226701682 0.1050328658033044
0.01140597369505705 0.2515459858517675 0.5684368797608511 0.1050328658033044
0.288351555097574 0.3932682459935523 0.4132154759698431 0.1050328658033044
0.4718197373596072 0.9147206878477651 0.08171119952364404 0.1050328658033044
0.5691562819945244 0.9665238341283567 0.2637106315228336 0.1050328658033044
0.1313253417055166 0.1929742448392259 0.8690256499900492 0.1050328658033044
0.2065173760106974 0.4834522431516313 0.1467784124813517 0.1050328658033044
0.5607104254253409 0.2623283300672902 0.8318646130352507 0.1050328658033044
0.07365815697915967 0.3511663381344262 0.5479233368465876 0.1050328658033044
0.8869945257210511 0.2775695796908482 0.4028846468929137 0.1050328658033044
0.4297535191356392 0.7777008707669473 0.8415341360221433 0.1050328658033044
0.494085419349887 0.01769551649234952 0.1444716126292552 0.1050328658033044
0.5723623501361417 0.7602069101694083 0.2704404585460505 0.1050328658033044
0.8083563736769794 0.02811437207753296 0.1910938211043676 0.1050328658033044
0.5725005941738599 0.7132046931098225 0.1735036598137801 0.1050328658033044
0.5154587186337654 0.5133759864883717 0.3975103516150863 0.1050328658033044
0.03596782239578299 0.5147811151709146 0.5971955120220239 0.1050328658033044
0.5856924126819891 0.4809140180222589 0.6113831171085673 0.1050328658033044
0.1432474369640667 0.2062660717524482 0.9738100131982745 0.1050328658033044
0.9448394140809929 0.9655752204982804 0.7516847155027554 0.1050328658033044
0.9924357078578572 0.7847970571357236 0.5613639035586462 0.1050328658033044
0.2216877633621353 0.309336734347303 0.4447534946811446 0.1050328658033044
0.2425388973488227 0.38475685756849 0.3184173965636342 0.1050328658033044
0.727565441871308 0.8633139384830711 0.9637436132662531 0.1050328658033044
0.8457697286340371 0.5843192977285745 0.1869991371788655 0.1050328658033044
0.7413503877687243 0.909909786170042 0.3470096551739082 0.1050328658033044
0.6983652934748048 0.485805936095259 0.09402628938404167 0.1050328658033044
0.3407029976702798 0.06367450432372299 0.5729495245136295 0.1050328658033044
0.31855642720165 0.2998040307143576 0.03448356350839735 0.1050328658033044
0.3532534784387106 0.9455669251090584 0.9309672689522018 0.1050328658033044
0.08377959218520614 0.9131772049729286 0.3284615108147473 0.1050328658033044
0.5834571810253373 0.2896788847110499 0.2804562158272808 0.1050328658033044
0.08050083621156907 0.214084483079514 0.2367440110610064 0.1050328658033044
0.1483520971285699 0.8579371248164335 0.7579738549284665 0.1050328658033044
0.6057936734036337 0.3399998323289738 0.772390521605299 0.1050328658033044
0.629947243530483 0.09436032624168399 0.3551527915155663 0.1050328658033044
0.6202701093037939 0.8701175201524334 0.9105279574856258 0.1050328658033044
0.3072970151166227 0.5035308831540791 0.5445258745354571 0.1050328658033044
0.5695599942757634 0.5932005702698393 0.650807325301799 0.1050328658033044
0.5067977743118491 0.7684731765286407 0.6342099655214158 0.1050328658033044
0.4241184701302435 0.6919359842207187 0.781052643114721 0.1050328658033044
0.04805735288343199 0.1769605421872303 0.9341924386997839 0.1050328658033044
0.4138366456479202 0.2736606058623993 0.1751563338173574 0.1050328658033044
0.8473360573260373 0.1428950085345396 0.7365026040910129 0.1050328658033044
0.3878391343162856 0.8675608566904656 0.2365984501984089 0.1050328658033044
0.7916527022137247 0.3978559013070396 0.5346776200851722 0.1050328658033044
0.6705953368567277 0.5754821423296532 0.6211887920521291 0.1050328658033044
0.2551883405776303 0.07634011595667338 0.635324549258744 0.1050328658033044
0.4172778116054262 0.9645672046974976 0.5323898451945951 0.1050328658033044
0.4327524701257619 0.4484560885743802 0.3843576652339624 0.1050328658033044
0.1610760047626068 0.2277971763238437 0.1693929109407153 0.1050328658033044
0.902901622935304 0.5549037336933687 0.2709590401787523 0.1050328658033044
0.6713733398743449 0.8501680373211501 0.08577941356756552 0.1050328658033044
0.2139415437159089 0.6750077219524816 0.4972902376614418 0.1050328658033044
0.598706460762809 0.4143167989863801 0.1479846795351527 0.1050328658033044
0.9872871778576164 0.4958895215869655 0.6901273458588256 0.1050328658033044
0.2215560279840124 0.8671621079363754 0.1111750193729621 0.1050328658033044
0.2078946468013001 0.9012843619470756 0.3256230431948171 0.1050328658033044
0.01250571732189661 0.05833727148220041 0.2019523568547855 0.1050328658033044
0.5825389773833235 0.6547660187068028 0.2770630509613329 0.1050328658033044
0.3956077075501578 0.9655961130064353 0.2856008383525656 0.1050328658033044
0.3791119600671683 0.7514385926135763 0.08960411275310859 0.1050328658033044
0.08897791834888968 0.3404823620033185 0.3929856426352132 0.1050328658033044
0.3989857414395757 0.4327214720078335 0.6452155536048989 0.1050328658033044
0.9807869570198944 0.8981342536300164 0.6756531923096554 0.1050328658033044
0.2013780978251974 0.5334113664780527 0.01380264774064572 0.1050328658033044
0.9454950466188312 0.8336698892765729 0.7715153022013146 0.1050328658033044
0.8886331864001802 0.9295314056850381 0.9183272050927702 0.1050328658033044
0.4797191837532471 0.02476671389723907 0.2553450832750266 0.1050328658033044
0.7225298371711187 0.7917055407035253 0.3610312580500413 0.1050328658033044
0.6911934672290586 0.2274627333932745 0.386408612632859 0.1050328658033044
0.2646699895170483 0.05654497577001889 0.0591767777467264 0.1050328658033044
0.3495684497187226 0.5190880602270997 0.9767808024656496 0.1050328658033044
0.3812656398428073 0.9770877776605714 0.7576230902703205 0.1050328658033044
0.3942062294954391 0.9280420153232114 0.6425111059577981 0.1050328658033044
0.5731769818677793 0.3793051185497753 0.6411384827167275 0.1050328658033044
0.9830445914886469 0.05261768734096937 0.6364983363950447 0.1050328658033044
0.7136863285549409 0.6186705997395682 0.9842410011528466 0.1050328658033044
0.7964258789773131 0.1318374305070166 0.3334988466026161 0.1050328658033044
0.6035012636694772 0.5426609805665769 0.2730362414816849 0.1050328658033044
0.9838353639724733 0.9676175364775892 0.5725148701186921 0.1050328658033044
0.05452493829584872 0.386466518844282 0.1806404577300403 0.1050328658033044
0.8379916710458308 0.007121149308387077 0.4916581413580579 0.1050328658033044
0.1557745169991704 0.6127767981099838 0.3698324475152862 0.1050328658033044
0.5614634333385911 0.1542948343763086 0.9855873482911613 0.1050328658033044
0.7384167261578573 0.5208417696830092 0.928070251247019 0.1050328658033044
0.9858426725637806 0.5985486617887062 0.7178094629675636 0.1050328658033044
0.829313424848193 0.3849927903404076 0.02372243905887974 0.1050328658033044
0.6565256611033925 0.9550675374325408 0.1149111448254453 0.1050328658033044
0.108535605258805 0.6826765979607451 0.2995367783968554 0.1050328658033044
0.03282232762595026 0.8954134236154518 0.7693948133367371 0.1050328658033044
0.5369467816681305 0.002908340223771648 0.7750191140895307 0.1050328658033044
0.7853150652729474 0.6724996788684037 0.09620723677673661 0.1050328658033044
0.242391547010587 0.7425852276274831 0.8139523344826698 0.1050328658033044
0.6629817208617256 0.644693148673571 0.3950843847982349 0.1050328658033044
0.8909506341597165 0.04921981403724779 0.7149116358377831 0.1050328658033044
0.2353787235786931 0.443019713308568 0.7472791533381025 0.1050328658033044
0.5032962143667026 0.5799044746456514 0.5659579698516805 0.1050328658033044
0.9919892834768672 0.7939168966472868 0.8588567955664108 0.1050328658033044
0.9677209742464065 0.34815921361741 0.5511118861419437 0.1050328658033044
0.7261250075009563 0.1816290200094271 0.9495600783254913 0.1050328658033044
0.4219146279819958 0.8875824432270066 0.8171462181252075 0.1050328658033044
0.05457715213486489 0.3685503032096819 0.07286004195911168 0.1050328658033044
0.697968528075697 0.424386895434432 0.1835411229161526 0.1050328658033044
0.6275284571925103 0.5617267267814273 0.45182875140367 0.1050328658033044
0.1451151890307903 0.9039006405798811 0.5884734091931501 0.1050328658033044
0.9343891722030838 0.5556139166490127 0.9018664015099351 0.1050328658033044
0.7717124437340122 0.09601213032509762 0.7944831306556484 0.1050328658033044
0.9448869109287292 0.1879355214730966 0.892292263889362 0.1050328658033044
0.6359699830467402 0.3045567574252196 0.8918438964761365 0.1050328658033044
0.6587684160196577 0.1178498516959449 0.00165125522155659 0.1050328658033044
0.3176698279707115 0.1193539678027655 0.1251971827161488 0.1050328658033044
0.2695667345585292 0.2386366444701791 0.7311271242751762 0.1050328658033044
0.5446856880686251 0.01270783274324233 0.8825983773554377 0.1050328658033044
0.2138640816727267 0.6821656584142543 0.3137263965090403 0.1050328658033044
0.1958633421189989 0.8342074832935408 0.408161463424134 0.1050328658033044
0.7474405433289276 0.6766917244261117 0.4495301225470737 0.1050328658033044
0.07812926201421937 0.782189670625552 0.2647820395362174 0.1050328658033044
0.8402141802045402 0.755056194004187 0.01766127539269234 0.1050328658033044
0.9455745146060679 0.1699561486429925 0.07768294007697892 0.1050328658033044
0.6990026773922359 0.7165881599790256 0.9288695631848338 0.1050328658033044
0.2558524982119167 0.06864628954604439 0.9425433809833982 0.1050328658033044
0.4296382319796702 0.5041879812402645 0.2276883524739623 0.1050328658033044
0.7338091125784076 0.6235173839700914 0.6914466531300087 0.1050328658033044
0.5010092334795753 0.2847508422238645 0.435578409840451 0.1050328658033044
0.02181627513188408 0.9808793821295297 0.4030508927871488 0.1050328658033044
0.2186312801566676 0.2208585514874822 0.3864524094650217 0.1050328658033044
0.6428390607901194 0.9883701691214563 0.9257417186478 0.1050328658033044
0.7299340310598982 0.7419676904792304 0.153233913426263 0.1050328658033044
0.1165467496207793 0.9592858298792559 0.7689374210505769 0.1050328658033044
0.1497004218983296 0.4221554542121898 0.2110679920977261 0.1050328658033044
0.5966929588129704 0.7645230612690658 0.07936909233662851 0.1050328658033044
0.6093450212414107 0.7641137438632164 0.9011393832708734 0.1050328658033044
0.5753578235380732 0.5928729096319522 0.3635005300355831 0.1050328658033044
